tick,conn_0_0,conn_0_1,conn_0_2,conn_0_4,conn_0_5,conn_0_7,conn_0_8,conn_0_10,conn_1_0,conn_1_1,conn_1_2,conn_1_3,conn_1_4,conn_1_6,conn_1_7,conn_1_8,conn_1_10,conn_2_0,conn_2_1,conn_2_2,conn_2_5,conn_2_6,conn_3_0,conn_3_2,conn_3_3,conn_3_4,conn_3_8,conn_3_9,conn_3_10,conn_4_0,conn_4_1,conn_4_2,conn_4_4,conn_4_6,conn_5_1,conn_5_2,conn_5_3,conn_5_4,conn_5_5,conn_5_6,conn_5_8,conn_5_9,conn_5_10,conn_6_1,conn_6_2,conn_6_3,conn_6_5,conn_6_6,conn_6_8,conn_6_9,conn_7_0,conn_7_1,conn_7_5,conn_7_6,conn_7_7,conn_7_9,conn_8_1,conn_8_4,conn_8_7,conn_8_9,conn_8_10,conn_9_4,conn_9_5,conn_9_6,conn_9_7,conn_9_8,conn_9_9,conn_9_10,conn_10_0,conn_10_5,conn_10_9,conn_10_10
0,-0.600000,-0.600000,0.600000,0.600000,1.000000,-0.600000,-0.600000,0.600000,0.600000,-0.600000,-0.600000,-0.600000,-0.600000,-0.600000,-0.600000,-0.600000,-0.600000,-0.600000,-0.600000,-0.600000,0.600000,0.600000,0.600000,-0.600000,-0.600000,-0.600000,-0.600000,-0.600000,0.600000,0.600000,0.600000,-0.600000,-0.600000,-0.600000,0.600000,0.600000,-0.600000,0.600000,-0.600000,-0.600000,0.600000,-0.600000,-0.600000,-0.600000,-0.600000,0.600000,-0.600000,-0.600000,-0.600000,-0.600000,0.600000,0.600000,-0.600000,-0.600000,-0.600000,-0.600000,-0.600000,-0.600000,0.600000,0.600000,-0.600000,0.600000,0.600000,-0.600000,0.600000,-0.600000,-0.600000,0.600000,-0.600000,-0.600000,-0.600000,-0.600000
1,-0.600000,-0.600000,0.600000,0.600000,1.000000,-0.600000,-0.600000,0.600000,0.597600,-0.600000,-0.600000,-0.600000,-0.600000,-0.600000,-0.600000,-0.600000,-0.600000,-0.600000,-0.600000,-0.600000,0.600000,0.600000,0.600000,-0.600000,-0.600000,-0.600000,-0.600000,-0.600000,0.600000,0.600000,0.600000,-0.600000,-0.598800,-0.598800,0.600000,0.600000,-0.600000,0.600000,-0.600000,-0.600000,0.600000,-0.600000,-0.600000,-0.600000,-0.600000,0.600000,-0.600000,-0.600000,-0.600000,-0.600000,0.600000,0.600000,-0.600000,-0.600000,-0.600000,-0.600000,-0.600000,-0.600000,0.600000,0.600000,-0.600000,0.600000,0.600000,-0.600000,0.600000,-0.600000,-0.600000,0.600000,-0.600000,-0.600000,-0.600000,-0.607185
2,-0.609570,-0.600000,0.600000,0.609570,1.000000,-0.600000,-0.600000,0.600000,0.591577,-0.600000,-0.600000,-0.600000,-0.600000,-0.600000,-0.600000,-0.600000,-0.600000,-0.600000,-0.600000,-0.600000,0.600000,0.600000,0.600000,-0.600000,-0.600000,-0.600000,-0.600000,-0.600000,0.600000,0.609570,0.600000,-0.600000,-0.592782,-0.598800,0.600000,0.600000,-0.600000,0.600000,-0.600000,-0.600000,0.600000,-0.600000,-0.600000,-0.600000,-0.600000,0.600000,-0.600000,-0.600000,-0.600000,-0.600000,0.609570,0.600000,-0.600000,-0.600000,-0.600000,-0.600000,-0.600000,-0.600000,0.600000,0.600000,-0.600000,0.600000,0.600000,-0.600000,0.600000,-0.600000,-0.600000,0.600000,-0.600000,-0.600000,-0.600000,-0.633143
3,-0.609570,-0.600000,0.600000,0.609570,1.000000,-0.600000,-0.600000,0.600000,0.611970,-0.600000,-0.600000,-0.600000,-0.600000,-0.600000,-0.600000,-0.600000,-0.600000,-0.600000,-0.600000,-0.600000,0.600000,0.600000,0.600000,-0.600000,-0.600000,-0.600000,-0.600000,-0.600000,0.600000,0.609570,0.600000,-0.600000,-0.592782,-0.585524,0.600000,0.600000,-0.600000,0.600000,-0.600000,-0.600000,0.600000,-0.600000,-0.600000,-0.600000,-0.600000,0.600000,-0.600000,-0.600000,-0.600000,-0.600000,0.609570,0.600000,-0.600000,-0.600000,-0.600000,-0.600000,-0.600000,-0.600000,0.600000,0.600000,-0.600000,0.600000,0.600000,-0.600000,0.600000,-0.600000,-0.600000,0.600000,-0.600000,-0.600000,-0.600000,-0.640093
4,-0.609570,-0.600000,0.600000,0.609570,1.000000,-0.600000,-0.600000,0.600000,0.608405,-0.600000,-0.600000,-0.600000,-0.600000,-0.600000,-0.600000,-0.600000,-0.600000,-0.600000,-0.600000,-0.600000,0.600000,0.600000,0.600000,-0.600000,-0.600000,-0.600000,-0.600000,-0.600000,0.600000,0.609570,0.600000,-0.600000,-0.590367,-0.584311,0.600000,0.600000,-0.600000,0.600000,-0.600000,-0.600000,0.600000,-0.600000,-0.600000,-0.600000,-0.600000,0.600000,-0.600000,-0.600000,-0.600000,-0.600000,0.609570,0.600000,-0.600000,-0.600000,-0.600000,-0.600000,-0.600000,-0.600000,0.600000,0.600000,-0.600000,0.600000,0.600000,-0.600000,0.600000,-0.600000,-0.600000,0.600000,-0.600000,-0.600000,-0.600000,-0.646991
5,-0.616694,-0.600000,0.600000,0.616694,1.000000,-0.600000,-0.600000,0.600000,0.606022,-0.600000,-0.600000,-0.600000,-0.600000,-0.600000,-0.600000,-0.600000,-0.600000,-0.600000,-0.600000,-0.600000,0.600000,0.600000,0.600000,-0.600000,-0.600000,-0.600000,-0.600000,-0.600000,0.600000,0.616694,0.600000,-0.600000,-0.585524,-0.584311,0.600000,0.600000,-0.600000,0.600000,-0.600000,-0.600000,0.600000,-0.600000,-0.600000,-0.600000,-0.600000,0.600000,-0.600000,-0.600000,-0.600000,-0.600000,0.616694,0.600000,-0.600000,-0.600000,-0.600000,-0.600000,-0.600000,-0.600000,0.600000,0.600000,-0.600000,0.600000,0.600000,-0.600000,0.600000,-0.600000,-0.600000,0.600000,-0.600000,-0.600000,-0.600000,-0.669530
6,-0.619058,-0.600000,0.600000,0.619058,1.000000,-0.600000,-0.600000,0.600000,0.600040,-0.600000,-0.600000,-0.600000,-0.600000,-0.600000,-0.600000,-0.600000,-0.600000,-0.600000,-0.600000,-0.600000,0.600000,0.600000,0.600000,-0.600000,-0.600000,-0.600000,-0.600000,-0.600000,0.600000,0.619058,0.600000,-0.600000,-0.580664,-0.584311,0.600000,0.600000,-0.600000,0.600000,-0.600000,-0.600000,0.600000,-0.600000,-0.600000,-0.600000,-0.600000,0.600000,-0.600000,-0.600000,-0.600000,-0.600000,0.619058,0.600000,-0.600000,-0.600000,-0.600000,-0.600000,-0.600000,-0.600000,0.600000,0.600000,-0.600000,0.600000,0.600000,-0.600000,0.600000,-0.600000,-0.600000,0.600000,-0.600000,-0.600000,-0.600000,-0.701927
7,-0.635443,-0.600000,0.600000,0.635443,1.000000,-0.600000,-0.600000,0.600000,0.591616,-0.600000,-0.600000,-0.600000,-0.600000,-0.600000,-0.600000,-0.600000,-0.600000,-0.600000,-0.600000,-0.600000,0.600000,0.600000,0.600000,-0.600000,-0.600000,-0.600000,-0.600000,-0.600000,0.600000,0.635443,0.600000,-0.600000,-0.570898,-0.584311,0.600000,0.600000,-0.600000,0.600000,-0.600000,-0.600000,0.600000,-0.600000,-0.600000,-0.600000,-0.600000,0.600000,-0.600000,-0.600000,-0.600000,-0.600000,0.635443,0.600000,-0.600000,-0.600000,-0.600000,-0.600000,-0.600000,-0.600000,0.600000,0.600000,-0.600000,0.600000,0.600000,-0.600000,0.600000,-0.600000,-0.600000,0.600000,-0.600000,-0.600000,-0.600000,-0.747878
8,-0.651523,-0.600000,0.600000,0.651523,1.000000,-0.600000,-0.600000,0.600000,0.581922,-0.600000,-0.600000,-0.600000,-0.600000,-0.600000,-0.600000,-0.600000,-0.600000,-0.600000,-0.600000,-0.600000,0.600000,0.600000,0.600000,-0.600000,-0.600000,-0.600000,-0.600000,-0.600000,0.600000,0.651523,0.600000,-0.600000,-0.562307,-0.584311,0.600000,0.600000,-0.600000,0.600000,-0.600000,-0.600000,0.600000,-0.600000,-0.600000,-0.600000,-0.600000,0.600000,-0.600000,-0.600000,-0.600000,-0.600000,0.651523,0.600000,-0.600000,-0.600000,-0.600000,-0.600000,-0.600000,-0.600000,0.600000,0.600000,-0.600000,0.600000,0.600000,-0.600000,0.600000,-0.600000,-0.600000,0.600000,-0.600000,-0.600000,-0.600000,-0.785543
9,-0.651523,-0.600000,0.600000,0.651523,1.000000,-0.600000,-0.600000,0.600000,0.572163,-0.600000,-0.600000,-0.600000,-0.600000,-0.600000,-0.600000,-0.600000,-0.600000,-0.600000,-0.600000,-0.600000,0.600000,0.600000,0.600000,-0.600000,-0.600000,-0.600000,-0.600000,-0.600000,0.600000,0.651523,0.600000,-0.600000,-0.554912,-0.584311,0.600000,0.600000,-0.600000,0.600000,-0.600000,-0.600000,0.600000,-0.600000,-0.600000,-0.600000,-0.600000,0.600000,-0.600000,-0.600000,-0.600000,-0.600000,0.651523,0.600000,-0.600000,-0.600000,-0.600000,-0.600000,-0.600000,-0.600000,0.600000,0.600000,-0.600000,0.600000,0.600000,-0.600000,0.600000,-0.600000,-0.600000,0.600000,-0.600000,-0.600000,-0.600000,-0.809838
10,-0.662805,-0.600000,0.600000,0.662805,1.000000,-0.600000,-0.600000,0.600000,0.563577,-0.600000,-0.600000,-0.600000,-0.600000,-0.600000,-0.600000,-0.600000,-0.600000,-0.600000,-0.600000,-0.600000,0.600000,0.600000,0.600000,-0.600000,-0.600000,-0.600000,-0.600000,-0.600000,0.600000,0.662805,0.600000,-0.600000,-0.545015,-0.584311,0.600000,0.600000,-0.600000,0.600000,-0.600000,-0.600000,0.600000,-0.600000,-0.600000,-0.600000,-0.600000,0.600000,-0.600000,-0.600000,-0.600000,-0.600000,0.662805,0.600000,-0.600000,-0.600000,-0.600000,-0.600000,-0.600000,-0.600000,0.600000,0.600000,-0.600000,0.600000,0.600000,-0.600000,0.600000,-0.600000,-0.600000,0.600000,-0.600000,-0.600000,-0.600000,-0.841586
11,-0.673906,-0.600000,0.600000,0.673906,1.000000,-0.600000,-0.600000,0.600000,0.554953,-0.600000,-0.600000,-0.600000,-0.600000,-0.600000,-0.600000,-0.600000,-0.600000,-0.600000,-0.600000,-0.600000,0.600000,0.600000,0.600000,-0.600000,-0.600000,-0.600000,-0.600000,-0.600000,0.600000,0.673906,0.600000,-0.600000,-0.536324,-0.584311,0.600000,0.600000,-0.600000,0.600000,-0.600000,-0.600000,0.600000,-0.600000,-0.600000,-0.600000,-0.600000,0.600000,-0.600000,-0.600000,-0.600000,-0.600000,0.673906,0.600000,-0.600000,-0.600000,-0.600000,-0.600000,-0.600000,-0.600000,0.600000,0.600000,-0.600000,0.600000,0.600000,-0.600000,0.600000,-0.600000,-0.600000,0.600000,-0.600000,-0.600000,-0.600000,-0.868911
12,-0.673906,-0.600000,0.600000,0.673906,1.000000,-0.600000,-0.600000,0.600000,0.556194,-0.600000,-0.600000,-0.600000,-0.600000,-0.600000,-0.600000,-0.600000,-0.600000,-0.600000,-0.600000,-0.600000,0.600000,0.600000,0.600000,-0.600000,-0.600000,-0.600000,-0.600000,-0.600000,0.600000,0.673906,0.600000,-0.600000,-0.531348,-0.579447,0.600000,0.600000,-0.600000,0.600000,-0.600000,-0.600000,0.600000,-0.600000,-0.600000,-0.600000,-0.600000,0.600000,-0.600000,-0.600000,-0.600000,-0.600000,0.673906,0.600000,-0.600000,-0.600000,-0.600000,-0.600000,-0.600000,-0.600000,0.600000,0.600000,-0.600000,0.600000,0.600000,-0.600000,0.600000,-0.600000,-0.600000,0.600000,-0.600000,-0.600000,-0.600000,-0.877798
13,-0.678293,-0.600000,0.600000,0.678293,1.000000,-0.600000,-0.600000,0.600000,0.573412,-0.600000,-0.600000,-0.600000,-0.600000,-0.600000,-0.600000,-0.600000,-0.600000,-0.600000,-0.600000,-0.600000,0.600000,0.600000,0.600000,-0.600000,-0.600000,-0.600000,-0.600000,-0.600000,0.600000,0.678293,0.600000,-0.600000,-0.526366,-0.567221,0.600000,0.600000,-0.600000,0.600000,-0.600000,-0.600000,0.600000,-0.600000,-0.600000,-0.600000,-0.600000,0.600000,-0.600000,-0.600000,-0.600000,-0.600000,0.678293,0.600000,-0.600000,-0.600000,-0.600000,-0.600000,-0.600000,-0.600000,0.600000,0.600000,-0.600000,0.600000,0.600000,-0.600000,0.600000,-0.600000,-0.600000,0.600000,-0.600000,-0.600000,-0.600000,-0.887171
14,-0.689125,-0.600000,0.600000,0.689125,1.000000,-0.600000,-0.600000,0.600000,0.568515,-0.600000,-0.600000,-0.600000,-0.600000,-0.600000,-0.600000,-0.600000,-0.600000,-0.600000,-0.600000,-0.600000,0.600000,0.600000,0.600000,-0.600000,-0.600000,-0.600000,-0.600000,-0.600000,0.600000,0.689125,0.600000,-0.600000,-0.515137,-0.567221,0.600000,0.600000,-0.600000,0.600000,-0.600000,-0.600000,0.600000,-0.600000,-0.600000,-0.600000,-0.600000,0.600000,-0.600000,-0.600000,-0.600000,-0.600000,0.689125,0.600000,-0.600000,-0.600000,-0.600000,-0.600000,-0.600000,-0.600000,0.600000,0.600000,-0.600000,0.600000,0.600000,-0.600000,0.600000,-0.600000,-0.600000,0.600000,-0.600000,-0.600000,-0.600000,-0.903195
15,-0.691267,-0.600000,0.600000,0.691267,1.000000,-0.600000,-0.600000,0.600000,0.569743,-0.600000,-0.600000,-0.600000,-0.600000,-0.600000,-0.600000,-0.600000,-0.600000,-0.600000,-0.600000,-0.600000,0.600000,0.600000,0.600000,-0.600000,-0.600000,-0.600000,-0.600000,-0.600000,0.600000,0.691267,0.600000,-0.600000,-0.512639,-0.565994,0.600000,0.600000,-0.600000,0.600000,-0.600000,-0.600000,0.600000,-0.600000,-0.600000,-0.600000,-0.600000,0.600000,-0.600000,-0.600000,-0.600000,-0.600000,0.691267,0.600000,-0.600000,-0.600000,-0.600000,-0.600000,-0.600000,-0.600000,0.600000,0.600000,-0.600000,0.600000,0.600000,-0.600000,0.600000,-0.600000,-0.600000,0.600000,-0.600000,-0.600000,-0.600000,-0.905804
16,-0.699755,-0.600000,0.600000,0.699755,1.000000,-0.600000,-0.600000,0.600000,0.564835,-0.600000,-0.600000,-0.600000,-0.600000,-0.600000,-0.600000,-0.600000,-0.600000,-0.600000,-0.600000,-0.600000,0.600000,0.600000,0.600000,-0.600000,-0.600000,-0.600000,-0.600000,-0.600000,0.600000,0.699755,0.600000,-0.600000,-0.507641,-0.565994,0.600000,0.600000,-0.600000,0.600000,-0.600000,-0.600000,0.600000,-0.600000,-0.600000,-0.600000,-0.600000,0.600000,-0.600000,-0.600000,-0.600000,-0.600000,0.699755,0.600000,-0.600000,-0.600000,-0.600000,-0.600000,-0.600000,-0.600000,0.600000,0.600000,-0.600000,0.600000,0.600000,-0.600000,0.600000,-0.600000,-0.600000,0.600000,-0.600000,-0.600000,-0.600000,-0.914056
17,-0.699755,-0.600000,0.600000,0.699755,1.000000,-0.600000,-0.600000,0.600000,0.564835,-0.600000,-0.600000,-0.600000,-0.600000,-0.600000,-0.600000,-0.600000,-0.600000,-0.600000,-0.600000,-0.600000,0.600000,0.600000,0.600000,-0.600000,-0.600000,-0.600000,-0.600000,-0.600000,0.600000,0.699755,0.600000,-0.600000,-0.506391,-0.565994,0.600000,0.600000,-0.600000,0.600000,-0.600000,-0.600000,0.600000,-0.600000,-0.600000,-0.600000,-0.600000,0.600000,-0.600000,-0.600000,-0.600000,-0.600000,0.699755,0.600000,-0.600000,-0.600000,-0.600000,-0.600000,-0.600000,-0.600000,0.600000,0.600000,-0.600000,0.600000,0.600000,-0.600000,0.600000,-0.600000,-0.600000,0.600000,-0.600000,-0.600000,-0.600000,-0.914841
18,-0.703948,-0.600000,0.600000,0.703948,1.000000,-0.600000,-0.600000,0.600000,0.562376,-0.600000,-0.600000,-0.600000,-0.600000,-0.600000,-0.600000,-0.600000,-0.600000,-0.600000,-0.600000,-0.600000,0.600000,0.600000,0.600000,-0.600000,-0.600000,-0.600000,-0.600000,-0.600000,0.600000,0.703948,0.600000,-0.600000,-0.498892,-0.565994,0.600000,0.600000,-0.600000,0.600000,-0.600000,-0.600000,0.600000,-0.600000,-0.600000,-0.600000,-0.600000,0.600000,-0.600000,-0.600000,-0.600000,-0.600000,0.703948,0.600000,-0.600000,-0.600000,-0.600000,-0.600000,-0.600000,-0.600000,0.600000,0.600000,-0.600000,0.600000,0.600000,-0.600000,0.600000,-0.600000,-0.600000,0.600000,-0.600000,-0.600000,-0.600000,-0.923080
19,-0.703948,-0.600000,0.600000,0.703948,1.000000,-0.600000,-0.600000,0.600000,0.564837,-0.600000,-0.600000,-0.600000,-0.600000,-0.600000,-0.600000,-0.600000,-0.600000,-0.600000,-0.600000,-0.600000,0.600000,0.600000,0.600000,-0.600000,-0.600000,-0.600000,-0.600000,-0.600000,0.600000,0.703948,0.600000,-0.600000,-0.498892,-0.564765,0.600000,0.600000,-0.600000,0.600000,-0.600000,-0.600000,0.600000,-0.600000,-0.600000,-0.600000,-0.600000,0.600000,-0.600000,-0.600000,-0.600000,-0.600000,0.703948,0.600000,-0.600000,-0.600000,-0.600000,-0.600000,-0.600000,-0.600000,0.600000,0.600000,-0.600000,0.600000,0.600000,-0.600000,0.600000,-0.600000,-0.600000,0.600000,-0.600000,-0.600000,-0.600000,-0.923080
20,-0.710175,-0.600000,0.600000,0.710175,1.000000,-0.600000,-0.600000,0.600000,0.557452,-0.600000,-0.600000,-0.600000,-0.600000,-0.600000,-0.600000,-0.600000,-0.600000,-0.600000,-0.600000,-0.600000,0.600000,0.600000,0.600000,-0.600000,-0.600000,-0.600000,-0.600000,-0.600000,0.600000,0.710175,0.600000,-0.600000,-0.491393,-0.564765,0.600000,0.600000,-0.600000,0.600000,-0.600000,-0.600000,0.600000,-0.600000,-0.600000,-0.600000,-0.600000,0.600000,-0.600000,-0.600000,-0.600000,-0.600000,0.710175,0.600000,-0.600000,-0.600000,-0.600000,-0.600000,-0.600000,-0.600000,0.600000,0.600000,-0.600000,0.600000,0.600000,-0.600000,0.600000,-0.600000,-0.600000,0.600000,-0.600000,-0.600000,-0.600000,-0.935006
21,-0.724398,-0.600000,0.600000,0.724398,1.000000,-0.600000,-0.600000,0.600000,0.548803,-0.600000,-0.600000,-0.600000,-0.600000,-0.600000,-0.600000,-0.600000,-0.600000,-0.600000,-0.600000,-0.600000,0.600000,0.600000,0.600000,-0.600000,-0.600000,-0.600000,-0.600000,-0.600000,0.600000,0.724398,0.600000,-0.600000,-0.482648,-0.564765,0.600000,0.600000,-0.600000,0.600000,-0.600000,-0.600000,0.600000,-0.600000,-0.600000,-0.600000,-0.600000,0.600000,-0.600000,-0.600000,-0.600000,-0.600000,0.724398,0.600000,-0.600000,-0.600000,-0.600000,-0.600000,-0.600000,-0.600000,0.600000,0.600000,-0.600000,0.600000,0.600000,-0.600000,0.600000,-0.600000,-0.600000,0.600000,-0.600000,-0.600000,-0.600000,-0.947243
22,-0.726395,-0.600000,0.600000,0.726395,1.000000,-0.600000,-0.600000,0.600000,0.547565,-0.600000,-0.600000,-0.600000,-0.600000,-0.600000,-0.600000,-0.600000,-0.600000,-0.600000,-0.600000,-0.600000,0.600000,0.600000,0.600000,-0.600000,-0.600000,-0.600000,-0.600000,-0.600000,0.600000,0.726395,0.600000,-0.600000,-0.481400,-0.564765,0.600000,0.600000,-0.600000,0.600000,-0.600000,-0.600000,0.600000,-0.600000,-0.600000,-0.600000,-0.600000,0.600000,-0.600000,-0.600000,-0.600000,-0.600000,0.726395,0.600000,-0.600000,-0.600000,-0.600000,-0.600000,-0.600000,-0.600000,0.600000,0.600000,-0.600000,0.600000,0.600000,-0.600000,0.600000,-0.600000,-0.600000,0.600000,-0.600000,-0.600000,-0.600000,-0.948243
23,-0.728382,-0.600000,0.600000,0.728382,1.000000,-0.600000,-0.600000,0.600000,0.553757,-0.600000,-0.600000,-0.600000,-0.600000,-0.600000,-0.600000,-0.600000,-0.600000,-0.600000,-0.600000,-0.600000,0.600000,0.600000,0.600000,-0.600000,-0.600000,-0.600000,-0.600000,-0.600000,0.600000,0.728382,0.600000,-0.600000,-0.477656,-0.559845,0.600000,0.600000,-0.600000,0.600000,-0.600000,-0.600000,0.600000,-0.600000,-0.600000,-0.600000,-0.600000,0.600000,-0.600000,-0.600000,-0.600000,-0.600000,0.728382,0.600000,-0.600000,-0.600000,-0.600000,-0.600000,-0.600000,-0.600000,0.600000,0.600000,-0.600000,0.600000,0.600000,-0.600000,0.600000,-0.600000,-0.600000,0.600000,-0.600000,-0.600000,-0.600000,-0.951126
24,-0.728382,-0.600000,0.600000,0.728382,1.000000,-0.600000,-0.600000,0.600000,0.559933,-0.600000,-0.600000,-0.600000,-0.600000,-0.600000,-0.600000,-0.600000,-0.600000,-0.600000,-0.600000,-0.600000,0.600000,0.600000,0.600000,-0.600000,-0.600000,-0.600000,-0.600000,-0.600000,0.600000,0.728382,0.600000,-0.600000,-0.473914,-0.554912,0.600000,0.600000,-0.600000,0.600000,-0.600000,-0.600000,0.600000,-0.600000,-0.600000,-0.600000,-0.600000,0.600000,-0.600000,-0.600000,-0.600000,-0.600000,0.728382,0.600000,-0.600000,-0.600000,-0.600000,-0.600000,-0.600000,-0.600000,0.600000,0.600000,-0.600000,0.600000,0.600000,-0.600000,0.600000,-0.600000,-0.600000,0.600000,-0.600000,-0.600000,-0.600000,-0.953865
25,-0.728382,-0.600000,0.600000,0.728382,1.000000,-0.600000,-0.600000,0.600000,0.564862,-0.600000,-0.600000,-0.600000,-0.600000,-0.600000,-0.600000,-0.600000,-0.600000,-0.600000,-0.600000,-0.600000,0.600000,0.600000,0.600000,-0.600000,-0.600000,-0.600000,-0.600000,-0.600000,0.600000,0.728382,0.600000,-0.600000,-0.468930,-0.549968,0.600000,0.600000,-0.600000,0.600000,-0.600000,-0.600000,0.600000,-0.600000,-0.600000,-0.600000,-0.600000,0.600000,-0.600000,-0.600000,-0.600000,-0.600000,0.728382,0.600000,-0.600000,-0.600000,-0.600000,-0.600000,-0.600000,-0.600000,0.600000,0.600000,-0.600000,0.600000,0.600000,-0.600000,0.600000,-0.600000,-0.600000,0.600000,-0.600000,-0.600000,-0.600000,-0.957291
26,-0.730360,-0.600000,0.600000,0.730360,1.000000,-0.600000,-0.600000,0.600000,0.569778,-0.600000,-0.600000,-0.600000,-0.600000,-0.600000,-0.600000,-0.600000,-0.600000,-0.600000,-0.600000,-0.600000,0.600000,0.600000,0.600000,-0.600000,-0.600000,-0.600000,-0.600000,-0.600000,0.600000,0.730360,0.600000,-0.600000,-0.462708,-0.545015,0.600000,0.600000,-0.600000,0.600000,-0.600000,-0.600000,0.600000,-0.600000,-0.600000,-0.600000,-0.600000,0.600000,-0.600000,-0.600000,-0.600000,-0.600000,0.730360,0.600000,-0.600000,-0.600000,-0.600000,-0.600000,-0.600000,-0.600000,0.600000,0.600000,-0.600000,0.600000,0.600000,-0.600000,0.600000,-0.600000,-0.600000,0.600000,-0.600000,-0.600000,-0.600000,-0.960849
27,-0.734290,-0.600000,0.600000,0.734290,1.000000,-0.600000,-0.600000,0.600000,0.569786,-0.600000,-0.600000,-0.600000,-0.600000,-0.600000,-0.600000,-0.600000,-0.600000,-0.600000,-0.600000,-0.600000,0.600000,0.600000,0.600000,-0.600000,-0.600000,-0.600000,-0.600000,-0.600000,0.600000,0.734290,0.600000,-0.600000,-0.452778,-0.541293,0.600000,0.600000,-0.600000,0.600000,-0.600000,-0.600000,0.600000,-0.600000,-0.600000,-0.600000,-0.600000,0.600000,-0.600000,-0.600000,-0.600000,-0.600000,0.734290,0.600000,-0.600000,-0.600000,-0.600000,-0.600000,-0.600000,-0.600000,0.600000,0.600000,-0.600000,0.600000,0.600000,-0.600000,0.600000,-0.600000,-0.600000,0.600000,-0.600000,-0.600000,-0.600000,-0.965483
28,-0.738183,-0.600000,0.600000,0.738183,1.000000,-0.600000,-0.600000,0.600000,0.575915,-0.600000,-0.600000,-0.600000,-0.600000,-0.600000,-0.600000,-0.600000,-0.600000,-0.600000,-0.600000,-0.600000,0.600000,0.600000,0.600000,-0.600000,-0.600000,-0.600000,-0.600000,-0.600000,0.600000,0.738183,0.600000,-0.600000,-0.444119,-0.533837,0.600000,0.600000,-0.600000,0.600000,-0.600000,-0.600000,0.600000,-0.600000,-0.600000,-0.600000,-0.600000,0.600000,-0.600000,-0.600000,-0.600000,-0.600000,0.738183,0.600000,-0.600000,-0.600000,-0.600000,-0.600000,-0.600000,-0.600000,0.600000,0.600000,-0.600000,0.600000,0.600000,-0.600000,0.600000,-0.600000,-0.600000,0.600000,-0.600000,-0.600000,-0.600000,-0.969881
29,-0.738183,-0.600000,0.600000,0.738183,1.000000,-0.600000,-0.600000,0.600000,0.568577,-0.600000,-0.600000,-0.600000,-0.600000,-0.600000,-0.600000,-0.600000,-0.600000,-0.600000,-0.600000,-0.600000,0.600000,0.600000,0.600000,-0.600000,-0.600000,-0.600000,-0.600000,-0.600000,0.600000,0.738183,0.600000,-0.600000,-0.434264,-0.532593,0.600000,0.600000,-0.600000,0.600000,-0.600000,-0.600000,0.600000,-0.600000,-0.600000,-0.600000,-0.600000,0.600000,-0.600000,-0.600000,-0.600000,-0.600000,0.738183,0.600000,-0.600000,-0.600000,-0.600000,-0.600000,-0.600000,-0.600000,0.600000,0.600000,-0.600000,0.600000,0.600000,-0.600000,0.600000,-0.600000,-0.600000,0.600000,-0.600000,-0.600000,-0.600000,-0.973479
30,-0.738183,-0.600000,0.600000,0.738183,1.000000,-0.600000,-0.600000,0.600000,0.566124,-0.600000,-0.600000,-0.600000,-0.600000,-0.600000,-0.600000,-0.600000,-0.600000,-0.600000,-0.600000,-0.600000,0.600000,0.600000,0.600000,-0.600000,-0.600000,-0.600000,-0.600000,-0.600000,0.600000,0.738183,0.600000,-0.600000,-0.431808,-0.532593,0.600000,0.600000,-0.600000,0.600000,-0.600000,-0.600000,0.600000,-0.600000,-0.600000,-0.600000,-0.600000,0.600000,-0.600000,-0.600000,-0.600000,-0.600000,0.738183,0.600000,-0.600000,-0.600000,-0.600000,-0.600000,-0.600000,-0.600000,0.600000,0.600000,-0.600000,0.600000,0.600000,-0.600000,0.600000,-0.600000,-0.600000,0.600000,-0.600000,-0.600000,-0.600000,-0.974748
31,-0.742039,-0.600000,0.600000,0.742039,1.000000,-0.600000,-0.600000,0.600000,0.564896,-0.600000,-0.600000,-0.600000,-0.600000,-0.600000,-0.600000,-0.600000,-0.600000,-0.600000,-0.600000,-0.600000,0.600000,0.600000,0.600000,-0.600000,-0.600000,-0.600000,-0.600000,-0.600000,0.600000,0.742039,0.600000,-0.600000,-0.430581,-0.532593,0.600000,0.600000,-0.600000,0.600000,-0.600000,-0.600000,0.600000,-0.600000,-0.600000,-0.600000,-0.600000,0.600000,-0.600000,-0.600000,-0.600000,-0.600000,0.742039,0.600000,-0.600000,-0.600000,-0.600000,-0.600000,-0.600000,-0.600000,0.600000,0.600000,-0.600000,0.600000,0.600000,-0.600000,0.600000,-0.600000,-0.600000,0.600000,-0.600000,-0.600000,-0.600000,-0.975240
32,-0.742039,-0.600000,0.600000,0.742039,1.000000,-0.600000,-0.600000,0.600000,0.563667,-0.600000,-0.600000,-0.600000,-0.600000,-0.600000,-0.600000,-0.600000,-0.600000,-0.600000,-0.600000,-0.600000,0.600000,0.600000,0.600000,-0.600000,-0.600000,-0.600000,-0.600000,-0.600000,0.600000,0.742039,0.600000,-0.600000,-0.429355,-0.532593,0.600000,0.600000,-0.600000,0.600000,-0.600000,-0.600000,0.600000,-0.600000,-0.600000,-0.600000,-0.600000,0.600000,-0.600000,-0.600000,-0.600000,-0.600000,0.742039,0.600000,-0.600000,-0.600000,-0.600000,-0.600000,-0.600000,-0.600000,0.600000,0.600000,-0.600000,0.600000,0.600000,-0.600000,0.600000,-0.600000,-0.600000,0.600000,-0.600000,-0.600000,-0.600000,-0.975723
33,-0.755242,-0.600000,0.600000,0.755242,1.000000,-0.600000,-0.600000,0.600000,0.555043,-0.600000,-0.600000,-0.600000,-0.600000,-0.600000,-0.600000,-0.600000,-0.600000,-0.600000,-0.600000,-0.600000,0.600000,0.600000,0.600000,-0.600000,-0.600000,-0.600000,-0.600000,-0.600000,0.600000,0.755242,0.600000,-0.600000,-0.422018,-0.532593,0.600000,0.600000,-0.600000,0.600000,-0.600000,-0.600000,0.600000,-0.600000,-0.600000,-0.600000,-0.600000,0.600000,-0.600000,-0.600000,-0.600000,-0.600000,0.755242,0.600000,-0.600000,-0.600000,-0.600000,-0.600000,-0.600000,-0.600000,0.600000,0.600000,-0.600000,0.600000,0.600000,-0.600000,0.600000,-0.600000,-0.600000,0.600000,-0.600000,-0.600000,-0.600000,-0.978643
34,-0.767982,-0.600000,0.600000,0.767982,1.000000,-0.600000,-0.600000,0.600000,0.547624,-0.600000,-0.600000,-0.600000,-0.600000,-0.600000,-0.600000,-0.600000,-0.600000,-0.600000,-0.600000,-0.600000,0.600000,0.600000,0.600000,-0.600000,-0.600000,-0.600000,-0.600000,-0.600000,0.600000,0.767982,0.600000,-0.600000,-0.412289,-0.532593,0.600000,0.600000,-0.600000,0.600000,-0.600000,-0.600000,0.600000,-0.600000,-0.600000,-0.600000,-0.600000,0.600000,-0.600000,-0.600000,-0.600000,-0.600000,0.767982,0.600000,-0.600000,-0.600000,-0.600000,-0.600000,-0.600000,-0.600000,0.600000,0.600000,-0.600000,0.600000,0.600000,-0.600000,0.600000,-0.600000,-0.600000,0.600000,-0.600000,-0.600000,-0.600000,-0.981769
35,-0.773299,-0.600000,0.600000,0.773299,1.000000,-0.600000,-0.600000,0.600000,0.543906,-0.600000,-0.600000,-0.600000,-0.600000,-0.600000,-0.600000,-0.600000,-0.600000,-0.600000,-0.600000,-0.600000,0.600000,0.600000,0.600000,-0.600000,-0.600000,-0.600000,-0.600000,-0.600000,0.600000,0.773299,0.600000,-0.600000,-0.407449,-0.532593,0.600000,0.600000,-0.600000,0.600000,-0.600000,-0.600000,0.600000,-0.600000,-0.600000,-0.600000,-0.600000,0.600000,-0.600000,-0.600000,-0.600000,-0.600000,0.773299,0.600000,-0.600000,-0.600000,-0.600000,-0.600000,-0.600000,-0.600000,0.600000,0.600000,-0.600000,0.600000,0.600000,-0.600000,0.600000,-0.600000,-0.600000,0.600000,-0.600000,-0.600000,-0.600000,-0.983157
36,-0.773299,-0.600000,0.600000,0.773299,1.000000,-0.600000,-0.600000,0.600000,0.543906,-0.600000,-0.600000,-0.600000,-0.600000,-0.600000,-0.600000,-0.600000,-0.600000,-0.600000,-0.600000,-0.600000,0.600000,0.600000,0.600000,-0.600000,-0.600000,-0.600000,-0.600000,-0.600000,0.600000,0.773299,0.600000,-0.600000,-0.407449,-0.532593,0.600000,0.600000,-0.600000,0.600000,-0.600000,-0.600000,0.600000,-0.600000,-0.600000,-0.600000,-0.600000,0.600000,-0.600000,-0.600000,-0.600000,-0.600000,0.773299,0.600000,-0.600000,-0.600000,-0.600000,-0.600000,-0.600000,-0.600000,0.600000,0.600000,-0.600000,0.600000,0.600000,-0.600000,0.600000,-0.600000,-0.600000,0.600000,-0.600000,-0.600000,-0.600000,-0.983157
37,-0.773299,-0.600000,0.600000,0.773299,1.000000,-0.600000,-0.600000,0.600000,0.543906,-0.600000,-0.600000,-0.600000,-0.600000,-0.600000,-0.600000,-0.600000,-0.600000,-0.600000,-0.600000,-0.600000,0.600000,0.600000,0.600000,-0.600000,-0.600000,-0.600000,-0.600000,-0.600000,0.600000,0.773299,0.600000,-0.600000,-0.407449,-0.532593,0.600000,0.600000,-0.600000,0.600000,-0.600000,-0.600000,0.600000,-0.600000,-0.600000,-0.600000,-0.600000,0.600000,-0.600000,-0.600000,-0.600000,-0.600000,0.773299,0.600000,-0.600000,-0.600000,-0.600000,-0.600000,-0.600000,-0.600000,0.600000,0.600000,-0.600000,0.600000,0.600000,-0.600000,0.600000,-0.600000,-0.600000,0.600000,-0.600000,-0.600000,-0.600000,-0.983157
38,-0.773299,-0.600000,0.600000,0.773299,1.000000,-0.600000,-0.600000,0.600000,0.567374,-0.600000,-0.600000,-0.600000,-0.600000,-0.600000,-0.600000,-0.600000,-0.600000,-0.600000,-0.600000,-0.600000,0.600000,0.600000,0.600000,-0.600000,-0.600000,-0.600000,-0.600000,-0.600000,0.600000,0.773299,0.600000,-0.600000,-0.406242,-0.518882,0.600000,0.600000,-0.600000,0.600000,-0.600000,-0.600000,0.600000,-0.600000,-0.600000,-0.600000,-0.600000,0.600000,-0.600000,-0.600000,-0.600000,-0.600000,0.773299,0.600000,-0.600000,-0.600000,-0.600000,-0.600000,-0.600000,-0.600000,0.600000,0.600000,-0.600000,0.600000,0.600000,-0.600000,0.600000,-0.600000,-0.600000,0.600000,-0.600000,-0.600000,-0.600000,-0.983811
39,-0.773299,-0.600000,0.600000,0.773299,1.000000,-0.600000,-0.600000,0.600000,0.586916,-0.600000,-0.600000,-0.600000,-0.600000,-0.600000,-0.600000,-0.600000,-0.600000,-0.600000,-0.600000,-0.600000,0.600000,0.600000,0.600000,-0.600000,-0.600000,-0.600000,-0.600000,-0.600000,0.600000,0.773299,0.600000,-0.600000,-0.405036,-0.505142,0.600000,0.600000,-0.600000,0.600000,-0.600000,-0.600000,0.600000,-0.600000,-0.600000,-0.600000,-0.600000,0.600000,-0.600000,-0.600000,-0.600000,-0.600000,0.773299,0.600000,-0.600000,-0.600000,-0.600000,-0.600000,-0.600000,-0.600000,0.600000,0.600000,-0.600000,0.600000,0.600000,-0.600000,0.600000,-0.600000,-0.600000,0.600000,-0.600000,-0.600000,-0.600000,-0.984745
40,-0.776796,-0.600000,0.600000,0.776796,1.000000,-0.600000,-0.600000,0.600000,0.599000,-0.600000,-0.600000,-0.600000,-0.600000,-0.600000,-0.600000,-0.600000,-0.600000,-0.600000,-0.600000,-0.600000,0.600000,0.600000,0.600000,-0.600000,-0.600000,-0.600000,-0.600000,-0.600000,0.600000,0.776796,0.600000,-0.600000,-0.399023,-0.495142,0.600000,0.600000,-0.600000,0.600000,-0.600000,-0.600000,0.600000,-0.600000,-0.600000,-0.600000,-0.600000,0.600000,-0.600000,-0.600000,-0.600000,-0.600000,0.776796,0.600000,-0.600000,-0.600000,-0.600000,-0.600000,-0.600000,-0.600000,0.600000,0.600000,-0.600000,0.600000,0.600000,-0.600000,0.600000,-0.600000,-0.600000,0.600000,-0.600000,-0.600000,-0.600000,-0.986188
41,-0.776796,-0.600000,0.600000,0.776796,1.000000,-0.600000,-0.600000,0.600000,0.600204,-0.600000,-0.600000,-0.600000,-0.600000,-0.600000,-0.600000,-0.600000,-0.600000,-0.600000,-0.600000,-0.600000,0.600000,0.600000,0.600000,-0.600000,-0.600000,-0.600000,-0.600000,-0.600000,0.600000,0.776796,0.600000,-0.600000,-0.399023,-0.493892,0.600000,0.600000,-0.600000,0.600000,-0.600000,-0.600000,0.600000,-0.600000,-0.600000,-0.600000,-0.600000,0.600000,-0.600000,-0.600000,-0.600000,-0.600000,0.776796,0.600000,-0.600000,-0.600000,-0.600000,-0.600000,-0.600000,-0.600000,0.600000,0.600000,-0.600000,0.600000,0.600000,-0.600000,0.600000,-0.600000,-0.600000,0.600000,-0.600000,-0.600000,-0.600000,-0.986324
42,-0.783673,-0.600000,0.600000,0.783673,1.000000,-0.600000,-0.600000,0.600000,0.591780,-0.600000,-0.600000,-0.600000,-0.600000,-0.600000,-0.600000,-0.600000,-0.600000,-0.600000,-0.600000,-0.600000,0.600000,0.600000,0.600000,-0.600000,-0.600000,-0.600000,-0.600000,-0.600000,0.600000,0.783673,0.600000,-0.600000,-0.393041,-0.493892,0.600000,0.600000,-0.600000,0.600000,-0.600000,-0.600000,0.600000,-0.600000,-0.600000,-0.600000,-0.600000,0.600000,-0.600000,-0.600000,-0.600000,-0.600000,0.783673,0.600000,-0.600000,-0.600000,-0.600000,-0.600000,-0.600000,-0.600000,0.600000,0.600000,-0.600000,0.600000,0.600000,-0.600000,0.600000,-0.600000,-0.600000,0.600000,-0.600000,-0.600000,-0.600000,-0.988791
43,-0.783673,-0.600000,0.600000,0.783673,1.000000,-0.600000,-0.600000,0.600000,0.599023,-0.600000,-0.600000,-0.600000,-0.600000,-0.600000,-0.600000,-0.600000,-0.600000,-0.600000,-0.600000,-0.600000,0.600000,0.600000,0.600000,-0.600000,-0.600000,-0.600000,-0.600000,-0.600000,0.600000,0.783673,0.600000,-0.600000,-0.391848,-0.485146,0.600000,0.600000,-0.600000,0.600000,-0.600000,-0.600000,0.600000,-0.600000,-0.600000,-0.600000,-0.600000,0.600000,-0.600000,-0.600000,-0.600000,-0.600000,0.783673,0.600000,-0.600000,-0.600000,-0.600000,-0.600000,-0.600000,-0.600000,0.600000,0.600000,-0.600000,0.600000,0.600000,-0.600000,0.600000,-0.600000,-0.600000,0.600000,-0.600000,-0.600000,-0.600000,-0.989953
44,-0.785368,-0.600000,0.600000,0.785368,1.000000,-0.600000,-0.600000,0.600000,0.606220,-0.600000,-0.600000,-0.600000,-0.600000,-0.600000,-0.600000,-0.600000,-0.600000,-0.600000,-0.600000,-0.600000,0.600000,0.600000,0.600000,-0.600000,-0.600000,-0.600000,-0.600000,-0.600000,0.600000,0.785368,0.600000,-0.600000,-0.387090,-0.478903,0.600000,0.600000,-0.600000,0.600000,-0.600000,-0.600000,0.600000,-0.600000,-0.600000,-0.600000,-0.600000,0.600000,-0.600000,-0.600000,-0.600000,-0.600000,0.785368,0.600000,-0.600000,-0.600000,-0.600000,-0.600000,-0.600000,-0.600000,0.600000,0.600000,-0.600000,0.600000,0.600000,-0.600000,0.600000,-0.600000,-0.600000,0.600000,-0.600000,-0.600000,-0.600000,-0.991176
45,-0.785368,-0.600000,0.600000,0.785368,1.000000,-0.600000,-0.600000,0.600000,0.610998,-0.600000,-0.600000,-0.600000,-0.600000,-0.600000,-0.600000,-0.600000,-0.600000,-0.600000,-0.600000,-0.600000,0.600000,0.600000,0.600000,-0.600000,-0.600000,-0.600000,-0.600000,-0.600000,0.600000,0.785368,0.600000,-0.600000,-0.384718,-0.472667,0.600000,0.600000,-0.600000,0.600000,-0.600000,-0.600000,0.600000,-0.600000,-0.600000,-0.600000,-0.600000,0.600000,-0.600000,-0.600000,-0.600000,-0.600000,0.785368,0.600000,-0.600000,-0.600000,-0.600000,-0.600000,-0.600000,-0.600000,0.600000,0.600000,-0.600000,0.600000,0.600000,-0.600000,0.600000,-0.600000,-0.600000,0.600000,-0.600000,-0.600000,-0.600000,-0.992014
46,-0.785368,-0.600000,0.600000,0.785368,1.000000,-0.600000,-0.600000,0.600000,0.606244,-0.600000,-0.600000,-0.600000,-0.600000,-0.600000,-0.600000,-0.600000,-0.600000,-0.600000,-0.600000,-0.600000,0.600000,0.600000,0.600000,-0.600000,-0.600000,-0.600000,-0.600000,-0.600000,0.600000,0.785368,0.600000,-0.600000,-0.377638,-0.470175,0.600000,0.600000,-0.600000,0.600000,-0.600000,-0.600000,0.600000,-0.600000,-0.600000,-0.600000,-0.600000,0.600000,-0.600000,-0.600000,-0.600000,-0.600000,0.785368,0.600000,-0.600000,-0.600000,-0.600000,-0.600000,-0.600000,-0.600000,0.600000,0.600000,-0.600000,0.600000,0.600000,-0.600000,0.600000,-0.600000,-0.600000,0.600000,-0.600000,-0.600000,-0.600000,-0.993263
47,-0.785368,-0.600000,0.600000,0.785368,1.000000,-0.600000,-0.600000,0.600000,0.616950,-0.600000,-0.600000,-0.600000,-0.600000,-0.600000,-0.600000,-0.600000,-0.600000,-0.600000,-0.600000,-0.600000,0.600000,0.600000,0.600000,-0.600000,-0.600000,-0.600000,-0.600000,-0.600000,0.600000,0.785368,0.600000,-0.600000,-0.376463,-0.461465,0.600000,0.600000,-0.600000,0.600000,-0.600000,-0.600000,0.600000,-0.600000,-0.600000,-0.600000,-0.600000,0.600000,-0.600000,-0.600000,-0.600000,-0.600000,0.785368,0.600000,-0.600000,-0.600000,-0.600000,-0.600000,-0.600000,-0.600000,0.600000,0.600000,-0.600000,0.600000,0.600000,-0.600000,0.600000,-0.600000,-0.600000,0.600000,-0.600000,-0.600000,-0.600000,-0.993842
48,-0.785368,-0.600000,0.600000,0.785368,1.000000,-0.600000,-0.600000,0.600000,0.624035,-0.600000,-0.600000,-0.600000,-0.600000,-0.600000,-0.600000,-0.600000,-0.600000,-0.600000,-0.600000,-0.600000,0.600000,0.600000,0.600000,-0.600000,-0.600000,-0.600000,-0.600000,-0.600000,0.600000,0.785368,0.600000,-0.600000,-0.372946,-0.451539,0.600000,0.600000,-0.600000,0.600000,-0.600000,-0.600000,0.600000,-0.600000,-0.600000,-0.600000,-0.600000,0.600000,-0.600000,-0.600000,-0.600000,-0.600000,0.785368,0.600000,-0.600000,-0.600000,-0.600000,-0.600000,-0.600000,-0.600000,0.600000,0.600000,-0.600000,0.600000,0.600000,-0.600000,0.600000,-0.600000,-0.600000,0.600000,-0.600000,-0.600000,-0.600000,-0.994700
49,-0.785368,-0.600000,0.600000,0.785368,1.000000,-0.600000,-0.600000,0.600000,0.631063,-0.600000,-0.600000,-0.600000,-0.600000,-0.600000,-0.600000,-0.600000,-0.600000,-0.600000,-0.600000,-0.600000,0.600000,0.600000,0.600000,-0.600000,-0.600000,-0.600000,-0.600000,-0.600000,0.600000,0.785368,0.600000,-0.600000,-0.368278,-0.444119,0.600000,0.600000,-0.600000,0.600000,-0.600000,-0.600000,0.600000,-0.600000,-0.600000,-0.600000,-0.600000,0.600000,-0.600000,-0.600000,-0.600000,-0.600000,0.785368,0.600000,-0.600000,-0.600000,-0.600000,-0.600000,-0.600000,-0.600000,0.600000,0.600000,-0.600000,0.600000,0.600000,-0.600000,0.600000,-0.600000,-0.600000,0.600000,-0.600000,-0.600000,-0.600000,-0.995394
50,-0.787054,-0.600000,0.600000,0.787054,1.000000,-0.600000,-0.600000,0.600000,0.636878,-0.600000,-0.600000,-0.600000,-0.600000,-0.600000,-0.600000,-0.600000,-0.600000,-0.600000,-0.600000,-0.600000,0.600000,0.600000,0.600000,-0.600000,-0.600000,-0.600000,-0.600000,-0.600000,0.600000,0.787054,0.600000,-0.600000,-0.363634,-0.437954,0.600000,0.600000,-0.600000,0.600000,-0.600000,-0.600000,0.600000,-0.600000,-0.600000,-0.600000,-0.600000,0.600000,-0.600000,-0.600000,-0.600000,-0.600000,0.787054,0.600000,-0.600000,-0.600000,-0.600000,-0.600000,-0.600000,-0.600000,0.600000,0.600000,-0.600000,0.600000,0.600000,-0.600000,0.600000,-0.600000,-0.600000,0.600000,-0.600000,-0.600000,-0.600000,-0.995875
51,-0.787054,-0.600000,0.600000,0.787054,1.000000,-0.600000,-0.600000,0.600000,0.641508,-0.600000,-0.600000,-0.600000,-0.600000,-0.600000,-0.600000,-0.600000,-0.600000,-0.600000,-0.600000,-0.600000,0.600000,0.600000,0.600000,-0.600000,-0.600000,-0.600000,-0.600000,-0.600000,0.600000,0.787054,0.600000,-0.600000,-0.360168,-0.431808,0.600000,0.600000,-0.600000,0.600000,-0.600000,-0.600000,0.600000,-0.600000,-0.600000,-0.600000,-0.600000,0.600000,-0.600000,-0.600000,-0.600000,-0.600000,0.787054,0.600000,-0.600000,-0.600000,-0.600000,-0.600000,-0.600000,-0.600000,0.600000,0.600000,-0.600000,0.600000,0.600000,-0.600000,0.600000,-0.600000,-0.600000,0.600000,-0.600000,-0.600000,-0.600000,-0.996342
52,-0.788730,-0.600000,0.600000,0.788730,1.000000,-0.600000,-0.600000,0.600000,0.643816,-0.600000,-0.600000,-0.600000,-0.600000,-0.600000,-0.600000,-0.600000,-0.600000,-0.600000,-0.600000,-0.600000,0.600000,0.600000,0.600000,-0.600000,-0.600000,-0.600000,-0.600000,-0.600000,0.600000,0.788730,0.600000,-0.600000,-0.353279,-0.426906,0.600000,0.600000,-0.600000,0.600000,-0.600000,-0.600000,0.600000,-0.600000,-0.600000,-0.600000,-0.600000,0.600000,-0.600000,-0.600000,-0.600000,-0.600000,0.788730,0.600000,-0.600000,-0.600000,-0.600000,-0.600000,-0.600000,-0.600000,0.600000,0.600000,-0.600000,0.600000,0.600000,-0.600000,0.600000,-0.600000,-0.600000,0.600000,-0.600000,-0.600000,-0.600000,-0.996886
53,-0.790396,-0.600000,0.600000,0.790396,1.000000,-0.600000,-0.600000,0.600000,0.649555,-0.600000,-0.600000,-0.600000,-0.600000,-0.600000,-0.600000,-0.600000,-0.600000,-0.600000,-0.600000,-0.600000,0.600000,0.600000,0.600000,-0.600000,-0.600000,-0.600000,-0.600000,-0.600000,0.600000,0.790396,0.600000,-0.600000,-0.348720,-0.418362,0.600000,0.600000,-0.600000,0.600000,-0.600000,-0.600000,0.600000,-0.600000,-0.600000,-0.600000,-0.600000,0.600000,-0.600000,-0.600000,-0.600000,-0.600000,0.790396,0.600000,-0.600000,-0.600000,-0.600000,-0.600000,-0.600000,-0.600000,0.600000,0.600000,-0.600000,0.600000,0.600000,-0.600000,0.600000,-0.600000,-0.600000,0.600000,-0.600000,-0.600000,-0.600000,-0.997400
