tick,conn_0_0,conn_0_1,conn_0_2,conn_0_3,conn_0_5,conn_0_6,conn_0_7,conn_0_9,conn_1_1,conn_1_4,conn_1_5,conn_1_6,conn_1_8,conn_1_9,conn_1_10,conn_2_1,conn_2_2,conn_2_7,conn_2_9,conn_2_10,conn_3_0,conn_3_1,conn_3_3,conn_3_4,conn_3_5,conn_3_7,conn_3_10,conn_4_0,conn_4_2,conn_4_3,conn_4_5,conn_4_6,conn_4_7,conn_4_8,conn_4_9,conn_5_6,conn_5_7,conn_5_8,conn_5_9,conn_5_10,conn_6_0,conn_6_1,conn_6_2,conn_6_3,conn_6_5,conn_6_7,conn_6_8,conn_6_9,conn_6_10,conn_7_2,conn_7_4,conn_7_8,conn_7_9,conn_7_10,conn_8_0,conn_8_1,conn_8_4,conn_8_8,conn_9_1,conn_9_2,conn_9_4,conn_9_6,conn_9_7,conn_9_8,conn_9_10,conn_10_0,conn_10_1,conn_10_2,conn_10_4,conn_10_5,conn_10_6,conn_10_10
0,-0.600000,-0.600000,-0.600000,-0.600000,1.000000,-0.600000,-0.600000,0.600000,0.600000,-0.600000,-0.600000,-0.600000,-0.600000,-0.600000,0.600000,0.600000,-0.600000,0.600000,-0.600000,-0.600000,-0.600000,-0.600000,-0.600000,-0.600000,0.600000,-0.600000,0.600000,-0.600000,-0.600000,0.600000,-0.600000,0.600000,0.600000,-0.600000,0.600000,-0.600000,-0.600000,-0.600000,0.600000,-0.600000,0.600000,-0.600000,-0.600000,-0.600000,-0.600000,0.600000,0.600000,0.600000,-0.600000,0.600000,-0.600000,0.600000,0.600000,-0.600000,-0.600000,-0.600000,-0.600000,0.600000,-0.600000,-0.600000,-0.600000,-0.600000,0.600000,-0.600000,-0.600000,-0.600000,0.600000,-0.600000,-0.600000,-0.600000,-0.600000,0.600000
1,-0.600000,-0.600000,-0.600000,-0.600000,1.000000,-0.600000,-0.600000,0.575789,0.600000,-0.600000,-0.600000,-0.600000,-0.600000,-0.600000,0.600000,0.600000,-0.600000,0.600000,-0.600000,-0.600000,-0.600000,-0.600000,-0.600000,-0.600000,0.600000,-0.600000,0.600000,-0.600000,-0.600000,0.600000,-0.600000,0.600000,0.600000,-0.600000,0.600000,-0.600000,-0.600000,-0.600000,0.600000,-0.600000,0.600000,-0.600000,-0.646962,-0.600000,-0.600000,0.600000,0.600000,0.600000,-0.600000,0.600000,-0.600000,0.600000,0.600000,-0.600000,-0.600000,-0.600000,-0.600000,0.575789,-0.600000,-0.600000,-0.600000,-0.600000,0.600000,-0.600000,-0.600000,-0.600000,0.600000,-0.600000,-0.600000,-0.600000,-0.575789,0.600000
2,-0.600000,-0.600000,-0.600000,-0.600000,1.000000,-0.600000,-0.600000,0.554912,0.600000,-0.600000,-0.600000,-0.600000,-0.600000,-0.600000,0.600000,0.600000,-0.600000,0.600000,-0.600000,-0.600000,-0.600000,-0.600000,-0.600000,-0.600000,0.600000,-0.600000,0.600000,-0.600000,-0.600000,0.600000,-0.600000,0.600000,0.600000,-0.600000,0.600000,-0.600000,-0.600000,-0.600000,0.600000,-0.600000,0.600000,-0.600000,-0.684816,-0.600000,-0.600000,0.600000,0.600000,0.600000,-0.600000,0.600000,-0.600000,0.600000,0.600000,-0.600000,-0.600000,-0.600000,-0.600000,0.554912,-0.600000,-0.600000,-0.600000,-0.600000,0.600000,-0.600000,-0.604795,-0.600000,0.600000,-0.600000,-0.600000,-0.600000,-0.554912,0.604795
3,-0.600000,-0.600000,-0.600000,-0.600000,1.000000,-0.607185,-0.600000,0.530103,0.600000,-0.600000,-0.600000,-0.600000,-0.600000,-0.600000,0.600000,0.600000,-0.600000,0.600000,-0.600000,-0.600000,-0.600000,-0.600000,-0.600000,-0.600000,0.600000,-0.600000,0.600000,-0.600000,-0.600000,0.600000,-0.600000,0.600000,0.600000,-0.600000,0.600000,-0.600000,-0.600000,-0.600000,0.600000,-0.600000,0.600000,-0.600000,-0.726395,-0.600000,-0.607185,0.600000,0.600000,0.600000,-0.600000,0.600000,-0.600000,0.600000,0.600000,-0.600000,-0.600000,-0.600000,-0.600000,0.530103,-0.600000,-0.600000,-0.600000,-0.600000,0.600000,-0.600000,-0.607185,-0.600000,0.600000,-0.600000,-0.600000,-0.600000,-0.530103,0.607185
4,-0.600000,-0.600000,-0.600000,-0.600000,1.000000,-0.607185,-0.600000,0.502642,0.600000,-0.600000,-0.600000,-0.600000,-0.600000,-0.600000,0.600000,0.600000,-0.600000,0.600000,-0.600000,-0.600000,-0.600000,-0.600000,-0.600000,-0.600000,0.600000,-0.600000,0.600000,-0.600000,-0.600000,0.600000,-0.600000,0.600000,0.600000,-0.600000,0.600000,-0.600000,-0.600000,-0.600000,0.600000,-0.600000,0.600000,-0.600000,-0.767982,-0.600000,-0.607185,0.600000,0.600000,0.600000,-0.600000,0.600000,-0.600000,0.600000,0.600000,-0.600000,-0.600000,-0.600000,-0.600000,0.502642,-0.600000,-0.600000,-0.600000,-0.600000,0.600000,-0.600000,-0.607185,-0.600000,0.600000,-0.600000,-0.600000,-0.600000,-0.502642,0.607185
5,-0.600000,-0.600000,-0.600000,-0.600000,1.000000,-0.607185,-0.600000,0.475161,0.600000,-0.600000,-0.600000,-0.600000,-0.600000,-0.600000,0.600000,0.600000,-0.600000,0.600000,-0.600000,-0.600000,-0.600000,-0.600000,-0.600000,-0.600000,0.600000,-0.600000,0.600000,-0.600000,-0.600000,0.600000,-0.600000,0.600000,0.600000,-0.600000,0.600000,-0.600000,-0.600000,-0.600000,0.600000,-0.600000,0.600000,-0.600000,-0.804960,-0.600000,-0.607185,0.600000,0.600000,0.600000,-0.600000,0.600000,-0.600000,0.600000,0.600000,-0.600000,-0.600000,-0.600000,-0.600000,0.475161,-0.600000,-0.600000,-0.600000,-0.600000,0.600000,-0.600000,-0.607185,-0.600000,0.600000,-0.600000,-0.600000,-0.600000,-0.475161,0.607185
6,-0.600000,-0.600000,-0.600000,-0.600000,1.000000,-0.607185,-0.600000,0.447826,0.600000,-0.600000,-0.600000,-0.600000,-0.600000,-0.600000,0.600000,0.600000,-0.600000,0.600000,-0.600000,-0.600000,-0.600000,-0.600000,-0.600000,-0.600000,0.600000,-0.600000,0.600000,-0.600000,-0.600000,0.600000,-0.600000,0.600000,0.600000,-0.600000,0.600000,-0.600000,-0.600000,-0.600000,0.600000,-0.600000,0.600000,-0.600000,-0.837303,-0.600000,-0.607185,0.600000,0.600000,0.600000,-0.600000,0.600000,-0.600000,0.600000,0.600000,-0.600000,-0.600000,-0.600000,-0.600000,0.447826,-0.600000,-0.600000,-0.600000,-0.600000,0.600000,-0.600000,-0.607185,-0.600000,0.600000,-0.600000,-0.600000,-0.600000,-0.447826,0.607185
7,-0.600000,-0.600000,-0.600000,-0.600000,1.000000,-0.607185,-0.600000,0.420799,0.600000,-0.600000,-0.600000,-0.600000,-0.600000,-0.600000,0.600000,0.600000,-0.600000,0.600000,-0.600000,-0.600000,-0.600000,-0.600000,-0.600000,-0.600000,0.600000,-0.600000,0.600000,-0.600000,-0.600000,0.600000,-0.600000,0.600000,0.600000,-0.600000,0.600000,-0.600000,-0.600000,-0.600000,0.600000,-0.600000,0.600000,-0.600000,-0.865189,-0.600000,-0.607185,0.600000,0.600000,0.600000,-0.600000,0.600000,-0.600000,0.600000,0.600000,-0.600000,-0.600000,-0.600000,-0.600000,0.420799,-0.600000,-0.600000,-0.600000,-0.600000,0.600000,-0.600000,-0.607185,-0.600000,0.600000,-0.600000,-0.600000,-0.600000,-0.420799,0.607185
8,-0.600000,-0.600000,-0.600000,-0.600000,1.000000,-0.607185,-0.600000,0.394235,0.600000,-0.600000,-0.600000,-0.600000,-0.600000,-0.600000,0.600000,0.600000,-0.600000,0.600000,-0.600000,-0.600000,-0.600000,-0.600000,-0.600000,-0.600000,0.600000,-0.600000,0.600000,-0.600000,-0.600000,0.600000,-0.600000,0.600000,0.600000,-0.600000,0.600000,-0.600000,-0.600000,-0.600000,0.600000,-0.600000,0.600000,-0.600000,-0.888935,-0.600000,-0.607185,0.600000,0.600000,0.600000,-0.600000,0.600000,-0.600000,0.600000,0.600000,-0.600000,-0.600000,-0.600000,-0.600000,0.394235,-0.600000,-0.600000,-0.600000,-0.600000,0.600000,-0.600000,-0.607185,-0.600000,0.600000,-0.600000,-0.600000,-0.600000,-0.394235,0.607185
9,-0.600000,-0.600000,-0.600000,-0.600000,1.000000,-0.607185,-0.600000,0.368278,0.600000,-0.600000,-0.600000,-0.600000,-0.600000,-0.600000,0.600000,0.600000,-0.600000,0.600000,-0.600000,-0.600000,-0.600000,-0.600000,-0.600000,-0.600000,0.600000,-0.600000,0.600000,-0.600000,-0.600000,0.600000,-0.600000,0.600000,0.600000,-0.600000,0.600000,-0.600000,-0.600000,-0.600000,0.600000,-0.600000,0.600000,-0.600000,-0.908942,-0.600000,-0.607185,0.600000,0.600000,0.600000,-0.600000,0.600000,-0.600000,0.600000,0.600000,-0.600000,-0.600000,-0.600000,-0.600000,0.368278,-0.600000,-0.600000,-0.600000,-0.600000,0.600000,-0.600000,-0.607185,-0.600000,0.600000,-0.600000,-0.600000,-0.600000,-0.368278,0.607185
10,-0.600000,-0.600000,-0.600000,-0.600000,1.000000,-0.607185,-0.600000,0.343059,0.600000,-0.600000,-0.600000,-0.600000,-0.600000,-0.600000,0.600000,0.600000,-0.600000,0.600000,-0.600000,-0.600000,-0.600000,-0.600000,-0.600000,-0.600000,0.600000,-0.600000,0.600000,-0.600000,-0.600000,0.600000,-0.600000,0.600000,0.600000,-0.600000,0.600000,-0.600000,-0.600000,-0.600000,0.600000,-0.600000,0.600000,-0.600000,-0.925650,-0.600000,-0.607185,0.600000,0.600000,0.600000,-0.600000,0.600000,-0.600000,0.600000,0.600000,-0.600000,-0.600000,-0.600000,-0.600000,0.343059,-0.600000,-0.600000,-0.600000,-0.600000,0.600000,-0.600000,-0.607185,-0.600000,0.600000,-0.600000,-0.600000,-0.600000,-0.343059,0.607185
11,-0.600000,-0.600000,-0.600000,-0.600000,1.000000,-0.607185,-0.600000,0.318693,0.600000,-0.600000,-0.600000,-0.600000,-0.600000,-0.600000,0.600000,0.600000,-0.600000,0.600000,-0.600000,-0.600000,-0.600000,-0.600000,-0.600000,-0.600000,0.600000,-0.600000,0.600000,-0.600000,-0.600000,0.600000,-0.600000,0.600000,0.600000,-0.600000,0.600000,-0.600000,-0.600000,-0.600000,0.600000,-0.600000,0.600000,-0.600000,-0.939498,-0.600000,-0.607185,0.600000,0.600000,0.600000,-0.600000,0.600000,-0.600000,0.600000,0.600000,-0.600000,-0.600000,-0.600000,-0.600000,0.318693,-0.600000,-0.600000,-0.600000,-0.600000,0.600000,-0.600000,-0.607185,-0.600000,0.600000,-0.600000,-0.600000,-0.600000,-0.318693,0.607185
12,-0.600000,-0.600000,-0.600000,-0.600000,1.000000,-0.607185,-0.600000,0.295277,0.600000,-0.600000,-0.600000,-0.600000,-0.600000,-0.600000,0.600000,0.600000,-0.600000,0.600000,-0.600000,-0.600000,-0.600000,-0.600000,-0.600000,-0.600000,0.600000,-0.600000,0.600000,-0.600000,-0.600000,0.600000,-0.600000,0.600000,0.600000,-0.600000,0.600000,-0.600000,-0.600000,-0.600000,0.600000,-0.600000,0.600000,-0.600000,-0.950905,-0.600000,-0.607185,0.600000,0.600000,0.600000,-0.600000,0.600000,-0.600000,0.600000,0.600000,-0.600000,-0.600000,-0.600000,-0.600000,0.295277,-0.600000,-0.600000,-0.600000,-0.600000,0.600000,-0.600000,-0.607185,-0.600000,0.600000,-0.600000,-0.600000,-0.600000,-0.295277,0.607185
13,-0.600000,-0.600000,-0.600000,-0.600000,1.000000,-0.607185,-0.600000,0.272890,0.600000,-0.600000,-0.600000,-0.600000,-0.600000,-0.600000,0.600000,0.600000,-0.600000,0.600000,-0.600000,-0.600000,-0.600000,-0.600000,-0.600000,-0.600000,0.600000,-0.600000,0.600000,-0.600000,-0.600000,0.600000,-0.600000,0.600000,0.600000,-0.600000,0.600000,-0.600000,-0.600000,-0.600000,0.600000,-0.600000,0.600000,-0.600000,-0.960253,-0.600000,-0.607185,0.600000,0.600000,0.600000,-0.600000,0.600000,-0.600000,0.600000,0.600000,-0.600000,-0.600000,-0.600000,-0.600000,0.272890,-0.600000,-0.600000,-0.600000,-0.600000,0.600000,-0.600000,-0.607185,-0.600000,0.600000,-0.600000,-0.600000,-0.600000,-0.272890,0.607185
14,-0.600000,-0.600000,-0.600000,-0.600000,1.000000,-0.607185,-0.600000,0.251592,0.600000,-0.600000,-0.600000,-0.600000,-0.600000,-0.600000,0.600000,0.600000,-0.600000,0.600000,-0.600000,-0.600000,-0.600000,-0.600000,-0.600000,-0.600000,0.600000,-0.600000,0.600000,-0.600000,-0.600000,0.600000,-0.600000,0.600000,0.600000,-0.600000,0.600000,-0.600000,-0.600000,-0.600000,0.600000,-0.600000,0.600000,-0.600000,-0.967882,-0.600000,-0.607185,0.600000,0.600000,0.600000,-0.600000,0.600000,-0.600000,0.600000,0.600000,-0.600000,-0.600000,-0.600000,-0.600000,0.251592,-0.600000,-0.600000,-0.600000,-0.600000,0.600000,-0.600000,-0.607185,-0.600000,0.600000,-0.600000,-0.600000,-0.600000,-0.251592,0.607185
15,-0.600000,-0.600000,-0.600000,-0.600000,1.000000,-0.607185,-0.600000,0.231425,0.600000,-0.600000,-0.600000,-0.600000,-0.600000,-0.600000,0.600000,0.600000,-0.600000,0.600000,-0.600000,-0.600000,-0.600000,-0.600000,-0.600000,-0.600000,0.600000,-0.600000,0.600000,-0.600000,-0.600000,0.600000,-0.600000,0.600000,0.600000,-0.600000,0.600000,-0.600000,-0.600000,-0.600000,0.600000,-0.600000,0.600000,-0.600000,-0.974086,-0.600000,-0.607185,0.600000,0.600000,0.600000,-0.600000,0.600000,-0.600000,0.600000,0.600000,-0.600000,-0.600000,-0.600000,-0.600000,0.231425,-0.600000,-0.600000,-0.600000,-0.600000,0.600000,-0.600000,-0.607185,-0.600000,0.600000,-0.600000,-0.600000,-0.600000,-0.231425,0.607185
16,-0.600000,-0.600000,-0.600000,-0.600000,1.000000,-0.611950,-0.600000,0.212414,0.600000,-0.600000,-0.600000,-0.600000,-0.600000,-0.600000,0.600000,0.600000,-0.600000,0.600000,-0.600000,-0.600000,-0.600000,-0.600000,-0.600000,-0.600000,0.600000,-0.600000,0.600000,-0.600000,-0.600000,0.600000,-0.600000,0.600000,0.600000,-0.600000,0.600000,-0.600000,-0.600000,-0.600000,0.600000,-0.600000,0.600000,-0.600000,-0.979119,-0.600000,-0.611950,0.600000,0.600000,0.600000,-0.600000,0.600000,-0.600000,0.600000,0.600000,-0.600000,-0.600000,-0.600000,-0.600000,0.212414,-0.600000,-0.600000,-0.600000,-0.600000,0.600000,-0.600000,-0.607185,-0.600000,0.600000,-0.600000,-0.600000,-0.600000,-0.212414,0.607185
17,-0.600000,-0.600000,-0.600000,-0.600000,1.000000,-0.611950,-0.600000,0.194568,0.600000,-0.600000,-0.600000,-0.600000,-0.600000,-0.600000,0.600000,0.600000,-0.600000,0.600000,-0.600000,-0.600000,-0.600000,-0.600000,-0.600000,-0.600000,0.600000,-0.600000,0.600000,-0.600000,-0.600000,0.600000,-0.600000,0.600000,0.600000,-0.600000,0.600000,-0.600000,-0.600000,-0.600000,0.600000,-0.600000,0.600000,-0.600000,-0.983190,-0.600000,-0.611950,0.600000,0.600000,0.600000,-0.600000,0.600000,-0.600000,0.600000,0.600000,-0.600000,-0.600000,-0.600000,-0.600000,0.194568,-0.600000,-0.600000,-0.600000,-0.600000,0.600000,-0.600000,-0.607185,-0.600000,0.600000,-0.600000,-0.600000,-0.600000,-0.194568,0.607185
18,-0.600000,-0.600000,-0.600000,-0.600000,1.000000,-0.611950,-0.600000,0.177881,0.600000,-0.600000,-0.600000,-0.600000,-0.600000,-0.600000,0.600000,0.600000,-0.600000,0.600000,-0.600000,-0.600000,-0.600000,-0.600000,-0.600000,-0.600000,0.600000,-0.600000,0.600000,-0.600000,-0.600000,0.600000,-0.600000,0.600000,0.600000,-0.600000,0.600000,-0.600000,-0.600000,-0.600000,0.600000,-0.600000,0.600000,-0.600000,-0.986479,-0.600000,-0.611950,0.600000,0.600000,0.600000,-0.600000,0.600000,-0.600000,0.600000,0.600000,-0.600000,-0.600000,-0.600000,-0.600000,0.177881,-0.600000,-0.600000,-0.600000,-0.600000,0.600000,-0.600000,-0.607185,-0.600000,0.600000,-0.600000,-0.600000,-0.600000,-0.177881,0.607185
19,-0.600000,-0.600000,-0.600000,-0.600000,1.000000,-0.611950,-0.600000,0.162335,0.600000,-0.600000,-0.600000,-0.600000,-0.600000,-0.600000,0.600000,0.600000,-0.600000,0.600000,-0.600000,-0.600000,-0.600000,-0.600000,-0.600000,-0.600000,0.600000,-0.600000,0.600000,-0.600000,-0.600000,0.600000,-0.600000,0.600000,0.600000,-0.600000,0.600000,-0.600000,-0.600000,-0.600000,0.600000,-0.600000,0.600000,-0.600000,-0.989132,-0.600000,-0.611950,0.600000,0.600000,0.600000,-0.600000,0.600000,-0.600000,0.600000,0.600000,-0.600000,-0.600000,-0.600000,-0.600000,0.162335,-0.600000,-0.600000,-0.600000,-0.600000,0.600000,-0.600000,-0.607185,-0.600000,0.600000,-0.600000,-0.600000,-0.600000,-0.162335,0.607185
20,-0.600000,-0.600000,-0.600000,-0.600000,1.000000,-0.619058,-0.600000,0.149170,0.600000,-0.600000,-0.600000,-0.600000,-0.600000,-0.600000,0.600000,0.600000,-0.600000,0.600000,-0.600000,-0.600000,-0.600000,-0.600000,-0.600000,-0.600000,0.600000,-0.600000,0.600000,-0.600000,-0.600000,0.600000,-0.600000,0.600000,0.600000,-0.600000,0.600000,-0.600000,-0.600000,-0.600000,0.600000,-0.600000,0.600000,-0.600000,-0.991093,-0.600000,-0.619058,0.600000,0.600000,0.600000,-0.600000,0.600000,-0.600000,0.600000,0.600000,-0.600000,-0.600000,-0.600000,-0.600000,0.149170,-0.600000,-0.600000,-0.600000,-0.600000,0.600000,-0.600000,-0.607185,-0.600000,0.600000,-0.600000,-0.600000,-0.600000,-0.149170,0.607185
21,-0.600000,-0.600000,-0.600000,-0.600000,1.000000,-0.619058,-0.600000,0.135718,0.600000,-0.600000,-0.600000,-0.600000,-0.600000,-0.600000,0.600000,0.600000,-0.600000,0.600000,-0.600000,-0.600000,-0.600000,-0.600000,-0.600000,-0.600000,0.600000,-0.600000,0.600000,-0.600000,-0.600000,0.600000,-0.600000,0.600000,0.600000,-0.600000,0.600000,-0.600000,-0.600000,-0.600000,0.628457,-0.600000,0.600000,-0.600000,-0.992847,-0.600000,-0.619058,0.600000,0.600000,0.628457,-0.600000,0.600000,-0.600000,0.600000,0.600000,-0.600000,-0.600000,-0.600000,-0.600000,0.135718,-0.600000,-0.600000,-0.600000,-0.600000,0.600000,-0.600000,-0.614325,-0.600000,0.600000,-0.600000,-0.600000,-0.600000,-0.135718,0.614325
22,-0.600000,-0.600000,-0.600000,-0.600000,1.000000,-0.623769,-0.600000,0.123302,0.600000,-0.600000,-0.600000,-0.600000,-0.600000,-0.600000,0.600000,0.600000,-0.600000,0.600000,-0.600000,-0.600000,-0.600000,-0.600000,-0.600000,-0.600000,0.600000,-0.600000,0.600000,-0.600000,-0.600000,0.600000,-0.600000,0.600000,0.600000,-0.600000,0.600000,-0.600000,-0.600000,-0.600000,0.628457,-0.600000,0.600000,-0.600000,-0.994258,-0.600000,-0.623769,0.600000,0.600000,0.628457,-0.600000,0.600000,-0.600000,0.600000,0.600000,-0.600000,-0.600000,-0.600000,-0.600000,0.123302,-0.600000,-0.600000,-0.600000,-0.600000,0.600000,-0.600000,-0.614325,-0.600000,0.600000,-0.600000,-0.600000,-0.600000,-0.123302,0.614325
23,-0.600000,-0.600000,-0.600000,-0.600000,1.000000,-0.623769,-0.600000,0.111874,0.600000,-0.600000,-0.600000,-0.600000,-0.600000,-0.600000,0.600000,0.600000,-0.600000,0.600000,-0.600000,-0.600000,-0.600000,-0.600000,-0.600000,-0.600000,0.600000,-0.600000,0.600000,-0.600000,-0.600000,0.600000,-0.600000,0.600000,0.600000,-0.600000,0.600000,-0.600000,-0.600000,-0.600000,0.628457,-0.600000,0.600000,-0.600000,-0.995392,-0.600000,-0.623769,0.600000,0.600000,0.628457,-0.600000,0.600000,-0.600000,0.600000,0.600000,-0.600000,-0.600000,-0.600000,-0.600000,0.111874,-0.600000,-0.600000,-0.600000,-0.600000,0.600000,-0.600000,-0.614325,-0.600000,0.600000,-0.600000,-0.600000,-0.600000,-0.111874,0.614325
24,-0.600000,-0.600000,-0.600000,-0.600000,1.000000,-0.633121,-0.600000,0.102299,0.600000,-0.600000,-0.600000,-0.600000,-0.600000,-0.600000,0.600000,0.600000,-0.600000,0.600000,-0.600000,-0.600000,-0.600000,-0.600000,-0.600000,-0.600000,0.600000,-0.600000,0.600000,-0.600000,-0.600000,0.600000,-0.600000,0.600000,0.600000,-0.600000,0.600000,-0.600000,-0.600000,-0.600000,0.628457,-0.600000,0.600000,-0.600000,-0.996228,-0.600000,-0.633121,0.600000,0.600000,0.628457,-0.600000,0.600000,-0.600000,0.600000,0.600000,-0.600000,-0.600000,-0.600000,-0.600000,0.102299,-0.600000,-0.600000,-0.600000,-0.600000,0.600000,-0.600000,-0.614325,-0.600000,0.600000,-0.600000,-0.600000,-0.600000,-0.102299,0.614325
25,-0.600000,-0.600000,-0.600000,-0.600000,1.000000,-0.633121,-0.600000,0.095169,0.600000,-0.600000,-0.600000,-0.600000,-0.600000,-0.600000,0.600000,0.600000,-0.600000,0.600000,-0.600000,-0.600000,-0.600000,-0.600000,-0.600000,-0.600000,0.600000,-0.600000,0.600000,-0.600000,-0.600000,0.600000,-0.600000,0.600000,0.600000,-0.600000,0.600000,-0.600000,-0.600000,-0.600000,0.653794,-0.600000,0.600000,-0.600000,-0.996786,-0.600000,-0.633121,0.600000,0.600000,0.653794,-0.600000,0.600000,-0.600000,0.600000,0.600000,-0.600000,-0.600000,-0.600000,-0.600000,0.095169,-0.600000,-0.600000,-0.600000,-0.600000,0.600000,-0.600000,-0.616694,-0.600000,0.600000,-0.600000,-0.600000,-0.600000,-0.095169,0.616694
26,-0.600000,-0.600000,-0.600000,-0.600000,1.000000,-0.640070,-0.600000,0.086486,0.600000,-0.600000,-0.600000,-0.600000,-0.600000,-0.600000,0.600000,0.600000,-0.600000,0.600000,-0.600000,-0.600000,-0.600000,-0.600000,-0.600000,-0.600000,0.600000,-0.600000,0.600000,-0.600000,-0.600000,0.600000,-0.600000,0.600000,0.600000,-0.600000,0.600000,-0.600000,-0.600000,-0.600000,0.656057,-0.600000,0.600000,-0.600000,-0.997396,-0.600000,-0.640070,0.600000,0.600000,0.656057,-0.600000,0.600000,-0.600000,0.600000,0.600000,-0.600000,-0.600000,-0.600000,-0.600000,0.086486,-0.600000,-0.600000,-0.600000,-0.600000,0.600000,-0.600000,-0.619058,-0.600000,0.600000,-0.600000,-0.600000,-0.600000,-0.086486,0.619058
27,-0.600000,-0.600000,-0.600000,-0.600000,1.000000,-0.640070,-0.600000,0.081477,0.600000,-0.600000,-0.600000,-0.600000,-0.600000,-0.600000,0.600000,0.600000,-0.600000,0.600000,-0.600000,-0.600000,-0.600000,-0.600000,-0.600000,-0.600000,0.600000,-0.600000,0.600000,-0.600000,-0.600000,0.600000,-0.600000,0.600000,0.600000,-0.600000,0.600000,-0.600000,-0.600000,-0.600000,0.671701,-0.600000,0.600000,-0.600000,-0.997714,-0.600000,-0.640070,0.600000,0.600000,0.671701,-0.600000,0.600000,-0.600000,0.600000,0.600000,-0.600000,-0.600000,-0.600000,-0.600000,0.081477,-0.600000,-0.600000,-0.600000,-0.600000,0.600000,-0.600000,-0.626116,-0.600000,0.600000,-0.600000,-0.600000,-0.600000,-0.081477,0.626116
28,-0.600000,-0.600000,-0.600000,-0.600000,1.000000,-0.644671,-0.600000,0.073599,0.600000,-0.600000,-0.600000,-0.600000,-0.600000,-0.600000,0.600000,0.600000,-0.600000,0.600000,-0.600000,-0.600000,-0.600000,-0.600000,-0.600000,-0.600000,0.600000,-0.600000,0.600000,-0.600000,-0.600000,0.600000,-0.600000,0.600000,0.600000,-0.600000,0.600000,-0.600000,-0.600000,-0.600000,0.671701,-0.600000,0.600000,-0.600000,-0.998167,-0.600000,-0.644671,0.600000,0.600000,0.671701,-0.600000,0.600000,-0.600000,0.600000,0.600000,-0.600000,-0.600000,-0.600000,-0.600000,0.073599,-0.600000,-0.600000,-0.600000,-0.600000,0.600000,-0.600000,-0.628457,-0.600000,0.600000,-0.600000,-0.600000,-0.600000,-0.073599,0.628457
29,-0.600000,-0.600000,-0.600000,-0.600000,1.000000,-0.644671,-0.600000,0.066427,0.600000,-0.600000,-0.600000,-0.600000,-0.600000,-0.600000,0.600000,0.600000,-0.600000,0.600000,-0.600000,-0.600000,-0.600000,-0.600000,-0.600000,-0.600000,0.600000,-0.600000,0.600000,-0.600000,-0.600000,0.600000,-0.600000,0.600000,0.600000,-0.600000,0.600000,-0.600000,-0.600000,-0.600000,0.671701,-0.600000,0.600000,-0.600000,-0.998530,-0.600000,-0.644671,0.600000,0.600000,0.671701,-0.600000,0.600000,-0.600000,0.600000,0.600000,-0.600000,-0.600000,-0.600000,-0.600000,0.066427,-0.600000,-0.600000,-0.600000,-0.600000,0.600000,-0.600000,-0.628457,-0.600000,0.600000,-0.600000,-0.600000,-0.600000,-0.066427,0.628457
30,-0.600000,-0.600000,-0.600000,-0.600000,1.000000,-0.644671,-0.600000,0.059909,0.600000,-0.600000,-0.600000,-0.600000,-0.600000,-0.600000,0.600000,0.600000,-0.600000,0.600000,-0.600000,-0.600000,-0.600000,-0.600000,-0.600000,-0.600000,0.600000,-0.600000,0.600000,-0.600000,-0.600000,0.600000,-0.600000,0.600000,0.600000,-0.600000,0.600000,-0.600000,-0.600000,-0.600000,0.671701,-0.600000,0.600000,-0.600000,-0.998821,-0.600000,-0.644671,0.600000,0.600000,0.671701,-0.600000,0.600000,-0.600000,0.600000,0.600000,-0.600000,-0.600000,-0.600000,-0.600000,0.059909,-0.600000,-0.600000,-0.600000,-0.600000,0.600000,-0.600000,-0.628457,-0.600000,0.600000,-0.600000,-0.600000,-0.600000,-0.059909,0.628457
31,-0.600000,-0.600000,-0.600000,-0.600000,1.000000,-0.644671,-0.600000,0.053993,0.600000,-0.600000,-0.600000,-0.600000,-0.600000,-0.600000,0.600000,0.600000,-0.600000,0.600000,-0.600000,-0.600000,-0.600000,-0.600000,-0.600000,-0.600000,0.600000,-0.600000,0.600000,-0.600000,-0.600000,0.600000,-0.600000,0.600000,0.600000,-0.600000,0.600000,-0.600000,-0.600000,-0.600000,0.671701,-0.600000,0.600000,-0.600000,-0.999055,-0.600000,-0.644671,0.600000,0.600000,0.671701,-0.600000,0.600000,-0.600000,0.600000,0.600000,-0.600000,-0.600000,-0.600000,-0.600000,0.053993,-0.600000,-0.600000,-0.600000,-0.600000,0.600000,-0.600000,-0.628457,-0.600000,0.600000,-0.600000,-0.600000,-0.600000,-0.053993,0.628457
32,-0.600000,-0.600000,-0.600000,-0.600000,1.000000,-0.644671,-0.600000,0.048631,0.600000,-0.600000,-0.600000,-0.600000,-0.600000,-0.600000,0.600000,0.600000,-0.600000,0.600000,-0.600000,-0.600000,-0.600000,-0.600000,-0.600000,-0.600000,0.600000,-0.600000,0.600000,-0.600000,-0.600000,0.600000,-0.600000,0.600000,0.600000,-0.600000,0.600000,-0.600000,-0.600000,-0.600000,0.671701,-0.600000,0.600000,-0.600000,-0.999242,-0.600000,-0.644671,0.600000,0.600000,0.671701,-0.600000,0.600000,-0.600000,0.600000,0.600000,-0.600000,-0.600000,-0.600000,-0.600000,0.048631,-0.600000,-0.600000,-0.600000,-0.600000,0.600000,-0.600000,-0.628457,-0.600000,0.600000,-0.600000,-0.600000,-0.600000,-0.048631,0.628457
33,-0.600000,-0.600000,-0.600000,-0.600000,1.000000,-0.644671,-0.600000,0.043776,0.600000,-0.600000,-0.600000,-0.600000,-0.600000,-0.600000,0.600000,0.600000,-0.600000,0.600000,-0.600000,-0.600000,-0.600000,-0.600000,-0.600000,-0.600000,0.600000,-0.600000,0.600000,-0.600000,-0.600000,0.600000,-0.600000,0.600000,0.600000,-0.600000,0.600000,-0.600000,-0.600000,-0.600000,0.671701,-0.600000,0.600000,-0.600000,-0.999392,-0.600000,-0.644671,0.600000,0.600000,0.671701,-0.600000,0.600000,-0.600000,0.600000,0.600000,-0.600000,-0.600000,-0.600000,-0.600000,0.043776,-0.600000,-0.600000,-0.600000,-0.600000,0.600000,-0.600000,-0.628457,-0.600000,0.600000,-0.600000,-0.600000,-0.600000,-0.043776,0.628457
34,-0.600000,-0.600000,-0.600000,-0.600000,1.000000,-0.644671,-0.600000,0.039386,0.600000,-0.600000,-0.600000,-0.600000,-0.600000,-0.600000,0.600000,0.600000,-0.600000,0.600000,-0.600000,-0.600000,-0.600000,-0.600000,-0.600000,-0.600000,0.600000,-0.600000,0.600000,-0.600000,-0.600000,0.600000,-0.600000,0.600000,0.600000,-0.600000,0.600000,-0.600000,-0.600000,-0.600000,0.671701,-0.600000,0.600000,-0.600000,-0.999513,-0.600000,-0.644671,0.600000,0.600000,0.671701,-0.600000,0.600000,-0.600000,0.600000,0.600000,-0.600000,-0.600000,-0.600000,-0.600000,0.039386,-0.600000,-0.600000,-0.600000,-0.600000,0.600000,-0.600000,-0.628457,-0.600000,0.600000,-0.600000,-0.600000,-0.600000,-0.039386,0.628457
35,-0.600000,-0.600000,-0.600000,-0.600000,1.000000,-0.644671,-0.600000,0.035420,0.600000,-0.600000,-0.600000,-0.600000,-0.600000,-0.600000,0.600000,0.600000,-0.600000,0.600000,-0.600000,-0.600000,-0.600000,-0.600000,-0.600000,-0.600000,0.600000,-0.600000,0.600000,-0.600000,-0.600000,0.600000,-0.600000,0.600000,0.600000,-0.600000,0.600000,-0.600000,-0.600000,-0.600000,0.671701,-0.600000,0.600000,-0.600000,-0.999609,-0.600000,-0.644671,0.600000,0.600000,0.671701,-0.600000,0.600000,-0.600000,0.600000,0.600000,-0.600000,-0.600000,-0.600000,-0.600000,0.035420,-0.600000,-0.600000,-0.600000,-0.600000,0.600000,-0.600000,-0.628457,-0.600000,0.600000,-0.600000,-0.600000,-0.600000,-0.035420,0.628457
36,-0.600000,-0.600000,-0.600000,-0.600000,1.000000,-0.644671,-0.600000,0.031840,0.600000,-0.600000,-0.600000,-0.600000,-0.600000,-0.600000,0.600000,0.600000,-0.600000,0.600000,-0.600000,-0.600000,-0.600000,-0.600000,-0.600000,-0.600000,0.600000,-0.600000,0.600000,-0.600000,-0.600000,0.600000,-0.600000,0.600000,0.600000,-0.600000,0.600000,-0.600000,-0.600000,-0.600000,0.671701,-0.600000,0.600000,-0.600000,-0.999687,-0.600000,-0.644671,0.600000,0.600000,0.671701,-0.600000,0.600000,-0.600000,0.600000,0.600000,-0.600000,-0.600000,-0.600000,-0.600000,0.031840,-0.600000,-0.600000,-0.600000,-0.600000,0.600000,-0.600000,-0.628457,-0.600000,0.600000,-0.600000,-0.600000,-0.600000,-0.031840,0.628457
37,-0.600000,-0.600000,-0.600000,-0.600000,1.000000,-0.644671,-0.600000,0.028611,0.600000,-0.600000,-0.600000,-0.600000,-0.600000,-0.600000,0.600000,0.600000,-0.600000,0.600000,-0.600000,-0.600000,-0.600000,-0.600000,-0.600000,-0.600000,0.600000,-0.600000,0.600000,-0.600000,-0.600000,0.600000,-0.600000,0.600000,0.600000,-0.600000,0.600000,-0.600000,-0.600000,-0.600000,0.671701,-0.600000,0.600000,-0.600000,-0.999749,-0.600000,-0.644671,0.600000,0.600000,0.671701,-0.600000,0.600000,-0.600000,0.600000,0.600000,-0.600000,-0.600000,-0.600000,-0.600000,0.028611,-0.600000,-0.600000,-0.600000,-0.600000,0.600000,-0.600000,-0.628457,-0.600000,0.600000,-0.600000,-0.600000,-0.600000,-0.028611,0.628457
38,-0.600000,-0.600000,-0.600000,-0.600000,1.000000,-0.644671,-0.600000,0.025701,0.600000,-0.600000,-0.600000,-0.600000,-0.600000,-0.600000,0.600000,0.600000,-0.600000,0.600000,-0.600000,-0.600000,-0.600000,-0.600000,-0.600000,-0.600000,0.600000,-0.600000,0.600000,-0.600000,-0.600000,0.600000,-0.600000,0.600000,0.600000,-0.600000,0.600000,-0.600000,-0.600000,-0.600000,0.697645,-0.600000,0.600000,-0.600000,-0.999799,-0.600000,-0.644671,0.600000,0.600000,0.697645,-0.600000,0.600000,-0.600000,0.600000,0.600000,-0.600000,-0.600000,-0.600000,-0.600000,0.025701,-0.600000,-0.600000,-0.600000,-0.600000,0.600000,-0.600000,-0.628457,-0.600000,0.600000,-0.600000,-0.600000,-0.600000,-0.025701,0.628457
39,-0.600000,-0.600000,-0.600000,-0.600000,1.000000,-0.644671,-0.600000,0.023080,0.600000,-0.600000,-0.600000,-0.600000,-0.600000,-0.600000,0.600000,0.600000,-0.600000,0.600000,-0.600000,-0.600000,-0.600000,-0.600000,-0.600000,-0.600000,0.600000,-0.600000,0.600000,-0.600000,-0.600000,0.600000,-0.600000,0.600000,0.600000,-0.600000,0.600000,-0.600000,-0.600000,-0.600000,0.697645,-0.600000,0.600000,-0.600000,-0.999839,-0.600000,-0.644671,0.600000,0.600000,0.697645,-0.600000,0.600000,-0.600000,0.600000,0.600000,-0.600000,-0.600000,-0.600000,-0.600000,0.023080,-0.600000,-0.600000,-0.600000,-0.600000,0.600000,-0.600000,-0.628457,-0.600000,0.600000,-0.600000,-0.600000,-0.600000,-0.023080,0.628457
40,-0.600000,-0.600000,-0.600000,-0.600000,1.000000,-0.644671,-0.600000,0.020720,0.600000,-0.600000,-0.600000,-0.600000,-0.600000,-0.600000,0.600000,0.600000,-0.600000,0.600000,-0.600000,-0.600000,-0.600000,-0.600000,-0.600000,-0.600000,0.600000,-0.600000,0.600000,-0.600000,-0.600000,0.600000,-0.600000,0.600000,0.600000,-0.600000,0.600000,-0.600000,-0.600000,-0.600000,0.697645,-0.600000,0.600000,-0.600000,-0.999871,-0.600000,-0.644671,0.600000,0.600000,0.697645,-0.600000,0.600000,-0.600000,0.600000,0.600000,-0.600000,-0.600000,-0.600000,-0.600000,0.020720,-0.600000,-0.600000,-0.600000,-0.600000,0.600000,-0.600000,-0.628457,-0.600000,0.600000,-0.600000,-0.600000,-0.600000,-0.020720,0.628457
41,-0.600000,-0.600000,-0.600000,-0.600000,1.000000,-0.644671,-0.600000,0.018597,0.600000,-0.600000,-0.600000,-0.600000,-0.600000,-0.600000,0.600000,0.600000,-0.600000,0.600000,-0.600000,-0.600000,-0.600000,-0.600000,-0.600000,-0.600000,0.600000,-0.600000,0.600000,-0.600000,-0.600000,0.600000,-0.600000,0.600000,0.600000,-0.600000,0.600000,-0.600000,-0.600000,-0.600000,0.697645,-0.600000,0.600000,-0.600000,-0.999896,-0.600000,-0.644671,0.600000,0.600000,0.697645,-0.600000,0.600000,-0.600000,0.600000,0.600000,-0.600000,-0.600000,-0.600000,-0.600000,0.018597,-0.600000,-0.600000,-0.600000,-0.600000,0.600000,-0.600000,-0.628457,-0.600000,0.600000,-0.600000,-0.600000,-0.600000,-0.018597,0.628457
42,-0.600000,-0.600000,-0.600000,-0.600000,1.000000,-0.644671,-0.600000,0.016688,0.600000,-0.600000,-0.600000,-0.600000,-0.600000,-0.600000,0.600000,0.600000,-0.600000,0.600000,-0.600000,-0.600000,-0.600000,-0.600000,-0.600000,-0.600000,0.600000,-0.600000,0.600000,-0.600000,-0.600000,0.600000,-0.600000,0.600000,0.600000,-0.600000,0.600000,-0.600000,-0.600000,-0.600000,0.697645,-0.600000,0.600000,-0.600000,-0.999917,-0.600000,-0.644671,0.600000,0.600000,0.697645,-0.600000,0.600000,-0.600000,0.600000,0.600000,-0.600000,-0.600000,-0.600000,-0.600000,0.016688,-0.600000,-0.600000,-0.600000,-0.600000,0.600000,-0.600000,-0.628457,-0.600000,0.600000,-0.600000,-0.600000,-0.600000,-0.016688,0.628457
43,-0.600000,-0.600000,-0.600000,-0.600000,1.000000,-0.646962,-0.600000,0.014972,0.600000,-0.600000,-0.600000,-0.600000,-0.600000,-0.600000,0.600000,0.600000,-0.600000,0.600000,-0.600000,-0.600000,-0.600000,-0.600000,-0.600000,-0.600000,0.600000,-0.600000,0.600000,-0.600000,-0.600000,0.600000,-0.600000,0.600000,0.600000,-0.600000,0.600000,-0.600000,-0.600000,-0.600000,0.697645,-0.600000,0.600000,-0.600000,-0.999933,-0.600000,-0.646962,0.600000,0.600000,0.697645,-0.600000,0.600000,-0.600000,0.600000,0.600000,-0.600000,-0.600000,-0.600000,-0.600000,0.014972,-0.600000,-0.600000,-0.600000,-0.600000,0.600000,-0.600000,-0.628457,-0.600000,0.600000,-0.600000,-0.600000,-0.600000,-0.014972,0.628457
44,-0.600000,-0.600000,-0.600000,-0.600000,1.000000,-0.646962,-0.600000,0.013630,0.600000,-0.600000,-0.600000,-0.600000,-0.600000,-0.600000,0.600000,0.600000,-0.600000,0.600000,-0.600000,-0.600000,-0.600000,-0.600000,-0.600000,-0.600000,0.600000,-0.600000,0.600000,-0.600000,-0.600000,0.600000,-0.600000,0.600000,0.600000,-0.600000,0.600000,-0.600000,-0.600000,-0.600000,0.718355,-0.600000,0.600000,-0.600000,-0.999945,-0.600000,-0.646962,0.600000,0.600000,0.718355,-0.600000,0.600000,-0.600000,0.600000,0.600000,-0.600000,-0.600000,-0.600000,-0.600000,0.013630,-0.600000,-0.600000,-0.600000,-0.600000,0.600000,-0.600000,-0.642374,-0.600000,0.600000,-0.600000,-0.600000,-0.600000,-0.013630,0.642374
45,-0.600000,-0.600000,-0.600000,-0.600000,1.000000,-0.656057,-0.600000,0.012285,0.600000,-0.600000,-0.600000,-0.600000,-0.600000,-0.600000,0.600000,0.600000,-0.600000,0.600000,-0.600000,-0.600000,-0.600000,-0.600000,-0.600000,-0.600000,0.600000,-0.600000,0.600000,-0.600000,-0.600000,0.600000,-0.600000,0.600000,0.600000,-0.600000,0.600000,-0.600000,-0.600000,-0.600000,0.718355,-0.600000,0.600000,-0.600000,-0.999955,-0.600000,-0.656057,0.600000,0.600000,0.718355,-0.600000,0.600000,-0.600000,0.600000,0.600000,-0.600000,-0.600000,-0.600000,-0.600000,0.012285,-0.600000,-0.600000,-0.600000,-0.600000,0.600000,-0.600000,-0.644671,-0.600000,0.600000,-0.600000,-0.600000,-0.600000,-0.012285,0.644671
46,-0.600000,-0.600000,-0.600000,-0.600000,1.000000,-0.658314,-0.600000,0.011071,0.600000,-0.600000,-0.600000,-0.600000,-0.600000,-0.600000,0.600000,0.600000,-0.600000,0.600000,-0.600000,-0.600000,-0.600000,-0.600000,-0.600000,-0.600000,0.600000,-0.600000,0.600000,-0.600000,-0.600000,0.600000,-0.600000,0.600000,0.600000,-0.600000,0.600000,-0.600000,-0.600000,-0.600000,0.718355,-0.600000,0.600000,-0.600000,-0.999964,-0.600000,-0.658314,0.600000,0.600000,0.718355,-0.600000,0.600000,-0.600000,0.600000,0.600000,-0.600000,-0.600000,-0.600000,-0.600000,0.011071,-0.600000,-0.600000,-0.600000,-0.600000,0.600000,-0.600000,-0.644671,-0.600000,0.600000,-0.600000,-0.600000,-0.600000,-0.011071,0.644671
47,-0.600000,-0.600000,-0.600000,-0.600000,1.000000,-0.658314,-0.600000,0.009927,0.600000,-0.600000,-0.600000,-0.600000,-0.600000,-0.600000,0.600000,0.600000,-0.600000,0.600000,-0.600000,-0.600000,-0.600000,-0.600000,-0.600000,-0.600000,0.600000,-0.600000,0.600000,-0.600000,-0.600000,0.600000,-0.600000,0.600000,0.600000,-0.600000,0.600000,-0.600000,-0.600000,-0.600000,0.718355,-0.600000,0.600000,-0.600000,-0.999971,-0.600000,-0.658314,0.600000,0.600000,0.718355,-0.600000,0.600000,-0.600000,0.600000,0.600000,-0.600000,-0.600000,-0.600000,-0.600000,0.009927,-0.600000,-0.600000,-0.600000,-0.600000,0.600000,-0.600000,-0.644671,-0.600000,0.600000,-0.600000,-0.600000,-0.600000,-0.009927,0.644671
48,-0.600000,-0.600000,-0.600000,-0.600000,1.000000,-0.658314,-0.600000,0.008900,0.600000,-0.600000,-0.600000,-0.600000,-0.600000,-0.600000,0.600000,0.600000,-0.600000,0.600000,-0.600000,-0.600000,-0.600000,-0.600000,-0.600000,-0.600000,0.600000,-0.600000,0.600000,-0.600000,-0.600000,0.600000,-0.600000,0.600000,0.600000,-0.600000,0.600000,-0.600000,-0.600000,-0.600000,0.718355,-0.600000,0.600000,-0.600000,-0.999977,-0.600000,-0.658314,0.600000,0.600000,0.718355,-0.600000,0.600000,-0.600000,0.600000,0.600000,-0.600000,-0.600000,-0.600000,-0.600000,0.008900,-0.600000,-0.600000,-0.600000,-0.600000,0.600000,-0.600000,-0.653794,-0.600000,0.600000,-0.600000,-0.600000,-0.600000,-0.008900,0.653794
49,-0.600000,-0.600000,-0.600000,-0.600000,1.000000,-0.658314,-0.600000,0.008058,0.600000,-0.600000,-0.600000,-0.600000,-0.600000,-0.600000,0.600000,0.600000,-0.600000,0.600000,-0.600000,-0.600000,-0.600000,-0.600000,-0.600000,-0.600000,0.600000,-0.600000,0.600000,-0.600000,-0.600000,0.600000,-0.600000,0.600000,0.600000,-0.600000,0.600000,-0.600000,-0.600000,-0.600000,0.718355,-0.600000,0.600000,-0.600000,-0.999981,-0.600000,-0.658314,0.600000,0.600000,0.718355,-0.600000,0.600000,-0.600000,0.600000,0.600000,-0.600000,-0.600000,-0.600000,-0.600000,0.008058,-0.600000,-0.600000,-0.600000,-0.600000,0.600000,-0.600000,-0.656057,-0.600000,0.600000,-0.600000,-0.600000,-0.600000,-0.008058,0.656057
50,-0.600000,-0.600000,-0.600000,-0.600000,1.000000,-0.669488,-0.600000,0.007222,0.600000,-0.600000,-0.600000,-0.600000,-0.600000,-0.600000,0.600000,0.600000,-0.600000,0.600000,-0.600000,-0.600000,-0.600000,-0.600000,-0.600000,-0.600000,0.600000,-0.600000,0.600000,-0.600000,-0.600000,0.600000,-0.600000,0.600000,0.600000,-0.600000,0.600000,-0.600000,-0.600000,-0.600000,0.718355,-0.600000,0.600000,-0.600000,-0.999985,-0.600000,-0.669488,0.600000,0.600000,0.718355,-0.600000,0.600000,-0.600000,0.600000,0.600000,-0.600000,-0.600000,-0.600000,-0.600000,0.007222,-0.600000,-0.600000,-0.600000,-0.600000,0.600000,-0.600000,-0.658314,-0.600000,0.600000,-0.600000,-0.600000,-0.600000,-0.007222,0.658314
51,-0.600000,-0.600000,-0.600000,-0.600000,1.000000,-0.669488,-0.600000,0.006506,0.600000,-0.600000,-0.600000,-0.600000,-0.600000,-0.600000,0.600000,0.600000,-0.600000,0.600000,-0.600000,-0.600000,-0.600000,-0.600000,-0.600000,-0.600000,0.600000,-0.600000,0.600000,-0.600000,-0.600000,0.600000,-0.600000,0.600000,0.600000,-0.600000,0.600000,-0.600000,-0.600000,-0.600000,0.742039,-0.600000,0.600000,-0.600000,-0.999988,-0.600000,-0.669488,0.600000,0.600000,0.742039,-0.600000,0.600000,-0.600000,0.600000,0.600000,-0.600000,-0.600000,-0.600000,-0.600000,0.006506,-0.600000,-0.600000,-0.600000,-0.600000,0.600000,-0.600000,-0.658314,-0.600000,0.600000,-0.600000,-0.600000,-0.600000,-0.006506,0.658314
52,-0.600000,-0.600000,-0.600000,-0.600000,1.000000,-0.669488,-0.600000,0.006007,0.600000,-0.600000,-0.600000,-0.600000,-0.600000,-0.600000,0.600000,0.600000,-0.600000,0.600000,-0.600000,-0.600000,-0.600000,-0.600000,-0.600000,-0.600000,0.600000,-0.600000,0.600000,-0.600000,-0.600000,0.600000,-0.600000,0.600000,0.600000,-0.600000,0.600000,-0.600000,-0.600000,-0.600000,0.762579,-0.600000,0.600000,-0.600000,-0.999990,-0.600000,-0.669488,0.600000,0.600000,0.762579,-0.600000,0.600000,-0.600000,0.600000,0.600000,-0.600000,-0.600000,-0.600000,-0.600000,0.006007,-0.600000,-0.600000,-0.600000,-0.600000,0.600000,-0.600000,-0.658314,-0.600000,0.600000,-0.600000,-0.600000,-0.600000,-0.006007,0.658314
53,-0.600000,-0.600000,-0.600000,-0.600000,1.000000,-0.669488,-0.600000,0.005410,0.600000,-0.600000,-0.600000,-0.600000,-0.600000,-0.600000,0.600000,0.600000,-0.600000,0.600000,-0.600000,-0.600000,-0.600000,-0.600000,-0.600000,-0.600000,0.600000,-0.600000,0.600000,-0.600000,-0.600000,0.600000,-0.600000,0.600000,0.600000,-0.600000,0.600000,-0.600000,-0.600000,-0.600000,0.764390,-0.600000,0.600000,-0.600000,-0.999992,-0.600000,-0.669488,0.600000,0.600000,0.764390,-0.600000,0.600000,-0.600000,0.600000,0.600000,-0.600000,-0.600000,-0.600000,-0.600000,0.005410,-0.600000,-0.600000,-0.600000,-0.600000,0.600000,-0.600000,-0.658314,-0.600000,0.600000,-0.600000,-0.600000,-0.600000,-0.005410,0.658314
54,-0.600000,-0.600000,-0.600000,-0.600000,1.000000,-0.669488,-0.600000,0.004848,0.600000,-0.600000,-0.600000,-0.600000,-0.600000,-0.600000,0.600000,0.600000,-0.600000,0.600000,-0.600000,-0.600000,-0.600000,-0.600000,-0.600000,-0.600000,0.600000,-0.600000,0.600000,-0.600000,-0.600000,0.600000,-0.600000,0.600000,0.600000,-0.600000,0.600000,-0.600000,-0.600000,-0.600000,0.764390,-0.600000,0.600000,-0.600000,-0.999993,-0.600000,-0.669488,0.600000,0.600000,0.764390,-0.600000,0.600000,-0.600000,0.600000,0.600000,-0.600000,-0.600000,-0.600000,-0.600000,0.004848,-0.600000,-0.600000,-0.600000,-0.600000,0.600000,-0.600000,-0.658314,-0.600000,0.600000,-0.600000,-0.600000,-0.600000,-0.004848,0.658314
55,-0.600000,-0.600000,-0.600000,-0.600000,1.000000,-0.669488,-0.600000,0.004344,0.600000,-0.600000,-0.600000,-0.600000,-0.600000,-0.600000,0.600000,0.600000,-0.600000,0.600000,-0.600000,-0.600000,-0.600000,-0.600000,-0.600000,-0.600000,0.600000,-0.600000,0.600000,-0.600000,-0.600000,0.600000,-0.600000,0.600000,0.600000,-0.600000,0.600000,-0.600000,-0.600000,-0.600000,0.764390,-0.600000,0.600000,-0.600000,-0.999995,-0.600000,-0.669488,0.600000,0.600000,0.764390,-0.600000,0.600000,-0.600000,0.600000,0.600000,-0.600000,-0.600000,-0.600000,-0.600000,0.004344,-0.600000,-0.600000,-0.600000,-0.600000,0.600000,-0.600000,-0.658314,-0.600000,0.600000,-0.600000,-0.600000,-0.600000,-0.004344,0.658314
56,-0.600000,-0.600000,-0.600000,-0.600000,1.000000,-0.680475,-0.600000,0.003892,0.600000,-0.600000,-0.600000,-0.600000,-0.600000,-0.600000,0.600000,0.600000,-0.600000,0.600000,-0.600000,-0.600000,-0.600000,-0.600000,-0.600000,-0.600000,0.600000,-0.600000,0.600000,-0.600000,-0.600000,0.600000,-0.600000,0.600000,0.600000,-0.600000,0.600000,-0.600000,-0.600000,-0.600000,0.764390,-0.600000,0.600000,-0.600000,-0.999996,-0.600000,-0.680475,0.600000,0.600000,0.764390,-0.600000,0.600000,-0.600000,0.600000,0.600000,-0.600000,-0.600000,-0.600000,-0.600000,0.003892,-0.600000,-0.600000,-0.600000,-0.600000,0.600000,-0.600000,-0.658314,-0.600000,0.600000,-0.600000,-0.600000,-0.600000,-0.003892,0.658314
57,-0.600000,-0.600000,-0.600000,-0.600000,1.000000,-0.680475,-0.600000,0.003487,0.600000,-0.600000,-0.600000,-0.600000,-0.600000,-0.600000,0.600000,0.600000,-0.600000,0.600000,-0.600000,-0.600000,-0.600000,-0.600000,-0.600000,-0.600000,0.600000,-0.600000,0.600000,-0.600000,-0.600000,0.600000,-0.600000,0.600000,0.600000,-0.600000,0.600000,-0.600000,-0.600000,-0.600000,0.764390,-0.600000,0.600000,-0.600000,-0.999996,-0.600000,-0.680475,0.600000,0.600000,0.764390,-0.600000,0.600000,-0.600000,0.600000,0.600000,-0.600000,-0.600000,-0.600000,-0.600000,0.003487,-0.600000,-0.600000,-0.600000,-0.600000,0.600000,-0.600000,-0.658314,-0.600000,0.600000,-0.600000,-0.600000,-0.600000,-0.003487,0.658314
58,-0.600000,-0.600000,-0.600000,-0.600000,1.000000,-0.680475,-0.600000,0.003124,0.600000,-0.600000,-0.600000,-0.600000,-0.600000,-0.600000,0.600000,0.600000,-0.600000,0.600000,-0.600000,-0.600000,-0.600000,-0.600000,-0.600000,-0.600000,0.600000,-0.600000,0.600000,-0.600000,-0.600000,0.600000,-0.600000,0.600000,0.600000,-0.600000,0.600000,-0.600000,-0.600000,-0.600000,0.764390,-0.600000,0.600000,-0.600000,-0.999997,-0.600000,-0.680475,0.600000,0.600000,0.764390,-0.600000,0.600000,-0.600000,0.600000,0.600000,-0.600000,-0.600000,-0.600000,-0.600000,0.003124,-0.600000,-0.600000,-0.600000,-0.600000,0.600000,-0.600000,-0.658314,-0.600000,0.600000,-0.600000,-0.600000,-0.600000,-0.003124,0.658314
59,-0.600000,-0.600000,-0.600000,-0.600000,1.000000,-0.680475,-0.600000,0.002799,0.600000,-0.600000,-0.600000,-0.600000,-0.600000,-0.600000,0.600000,0.600000,-0.600000,0.600000,-0.600000,-0.600000,-0.600000,-0.600000,-0.600000,-0.600000,0.600000,-0.600000,0.600000,-0.600000,-0.600000,0.600000,-0.600000,0.600000,0.600000,-0.600000,0.600000,-0.600000,-0.600000,-0.600000,0.764390,-0.600000,0.600000,-0.600000,-0.999998,-0.600000,-0.680475,0.600000,0.600000,0.764390,-0.600000,0.600000,-0.600000,0.600000,0.600000,-0.600000,-0.600000,-0.600000,-0.600000,0.002799,-0.600000,-0.600000,-0.600000,-0.600000,0.600000,-0.600000,-0.658314,-0.600000,0.600000,-0.600000,-0.600000,-0.600000,-0.002799,0.658314
60,-0.600000,-0.600000,-0.600000,-0.600000,1.000000,-0.680475,-0.600000,0.002508,0.600000,-0.600000,-0.600000,-0.600000,-0.600000,-0.600000,0.600000,0.600000,-0.600000,0.600000,-0.600000,-0.600000,-0.600000,-0.600000,-0.600000,-0.600000,0.600000,-0.600000,0.600000,-0.600000,-0.600000,0.600000,-0.600000,0.600000,0.600000,-0.600000,0.600000,-0.600000,-0.600000,-0.600000,0.764390,-0.600000,0.600000,-0.600000,-0.999998,-0.600000,-0.680475,0.600000,0.600000,0.764390,-0.600000,0.600000,-0.600000,0.600000,0.600000,-0.600000,-0.600000,-0.600000,-0.600000,0.002508,-0.600000,-0.600000,-0.600000,-0.600000,0.600000,-0.600000,-0.658314,-0.600000,0.600000,-0.600000,-0.600000,-0.600000,-0.002508,0.658314
61,-0.600000,-0.600000,-0.600000,-0.600000,1.000000,-0.680475,-0.600000,0.002361,0.600000,-0.600000,-0.600000,-0.600000,-0.600000,-0.600000,0.600000,0.600000,-0.600000,0.600000,-0.600000,-0.600000,-0.600000,-0.600000,-0.600000,-0.600000,0.600000,-0.600000,0.600000,-0.600000,-0.600000,0.600000,-0.600000,0.600000,0.600000,-0.600000,0.600000,-0.600000,-0.600000,-0.600000,0.764390,-0.600000,0.600000,-0.600000,-0.999998,-0.600000,-0.680475,0.600000,0.600000,0.764390,-0.600000,0.600000,-0.600000,0.600000,0.600000,-0.600000,-0.600000,-0.600000,-0.600000,0.002361,-0.600000,-0.600000,-0.600000,-0.600000,0.600000,-0.600000,-0.667268,-0.600000,0.600000,-0.600000,-0.600000,-0.600000,-0.002361,0.667268
62,-0.600000,-0.600000,-0.600000,-0.600000,1.000000,-0.682650,-0.600000,0.002202,0.600000,-0.600000,-0.600000,-0.600000,-0.600000,-0.600000,0.600000,0.600000,-0.600000,0.600000,-0.600000,-0.600000,-0.600000,-0.600000,-0.600000,-0.600000,0.600000,-0.600000,0.600000,-0.600000,-0.600000,0.600000,-0.600000,0.600000,0.600000,-0.600000,0.600000,-0.600000,-0.600000,-0.600000,0.764390,-0.600000,0.600000,-0.600000,-0.999999,-0.600000,-0.682650,0.600000,0.600000,0.764390,-0.600000,0.600000,-0.600000,0.600000,0.600000,-0.600000,-0.600000,-0.600000,-0.600000,0.002202,-0.600000,-0.600000,-0.600000,-0.600000,0.600000,-0.600000,-0.682650,-0.600000,0.600000,-0.600000,-0.600000,-0.600000,-0.002202,0.682650
63,-0.600000,-0.600000,-0.600000,-0.600000,1.000000,-0.684816,-0.600000,0.001972,0.600000,-0.600000,-0.600000,-0.600000,-0.600000,-0.600000,0.600000,0.600000,-0.600000,0.600000,-0.600000,-0.600000,-0.600000,-0.600000,-0.600000,-0.600000,0.600000,-0.600000,0.600000,-0.600000,-0.600000,0.600000,-0.600000,0.600000,0.600000,-0.600000,0.600000,-0.600000,-0.600000,-0.600000,0.764390,-0.600000,0.600000,-0.600000,-0.999999,-0.600000,-0.684816,0.600000,0.600000,0.764390,-0.600000,0.600000,-0.600000,0.600000,0.600000,-0.600000,-0.600000,-0.600000,-0.600000,0.001972,-0.600000,-0.600000,-0.600000,-0.600000,0.600000,-0.600000,-0.684816,-0.600000,0.600000,-0.600000,-0.600000,-0.600000,-0.001972,0.684816
64,-0.600000,-0.600000,-0.600000,-0.600000,1.000000,-0.691267,-0.600000,0.001848,0.600000,-0.600000,-0.600000,-0.600000,-0.600000,-0.600000,0.600000,0.600000,-0.600000,0.600000,-0.600000,-0.600000,-0.600000,-0.600000,-0.600000,-0.600000,0.600000,-0.600000,0.600000,-0.600000,-0.600000,0.600000,-0.600000,0.600000,0.600000,-0.600000,0.600000,-0.600000,-0.600000,-0.600000,0.764390,-0.600000,0.600000,-0.600000,-0.999999,-0.600000,-0.691267,0.600000,0.600000,0.764390,-0.600000,0.600000,-0.600000,0.600000,0.600000,-0.600000,-0.600000,-0.600000,-0.600000,0.001848,-0.600000,-0.600000,-0.600000,-0.600000,0.600000,-0.600000,-0.689125,-0.600000,0.600000,-0.600000,-0.600000,-0.600000,-0.001848,0.689125
65,-0.600000,-0.600000,-0.600000,-0.600000,1.000000,-0.691267,-0.600000,0.001656,0.600000,-0.600000,-0.600000,-0.600000,-0.600000,-0.600000,0.600000,0.600000,-0.600000,0.600000,-0.600000,-0.600000,-0.600000,-0.600000,-0.600000,-0.600000,0.600000,-0.600000,0.600000,-0.600000,-0.600000,0.600000,-0.600000,0.600000,0.600000,-0.600000,0.600000,-0.600000,-0.600000,-0.600000,0.764390,-0.600000,0.600000,-0.600000,-0.999999,-0.600000,-0.691267,0.600000,0.600000,0.764390,-0.600000,0.600000,-0.600000,0.600000,0.600000,-0.600000,-0.600000,-0.600000,-0.600000,0.001656,-0.600000,-0.600000,-0.600000,-0.600000,0.600000,-0.600000,-0.691267,-0.600000,0.600000,-0.600000,-0.600000,-0.600000,-0.001656,0.691267
66,-0.600000,-0.600000,-0.600000,-0.600000,1.000000,-0.691267,-0.600000,0.001483,0.600000,-0.600000,-0.600000,-0.600000,-0.600000,-0.600000,0.600000,0.600000,-0.600000,0.600000,-0.600000,-0.600000,-0.600000,-0.600000,-0.600000,-0.600000,0.600000,-0.600000,0.600000,-0.600000,-0.600000,0.600000,-0.600000,0.600000,0.600000,-0.600000,0.600000,-0.600000,-0.600000,-0.600000,0.764390,-0.600000,0.600000,-0.600000,-0.999999,-0.600000,-0.691267,0.600000,0.600000,0.764390,-0.600000,0.600000,-0.600000,0.600000,0.600000,-0.600000,-0.600000,-0.600000,-0.600000,0.001483,-0.600000,-0.600000,-0.600000,-0.600000,0.600000,-0.600000,-0.691267,-0.600000,0.600000,-0.600000,-0.600000,-0.600000,-0.001483,0.691267
67,-0.600000,-0.600000,-0.600000,-0.600000,1.000000,-0.695527,-0.600000,0.001328,0.600000,-0.600000,-0.600000,-0.600000,-0.600000,-0.600000,0.600000,0.600000,-0.600000,0.600000,-0.600000,-0.600000,-0.600000,-0.600000,-0.600000,-0.600000,0.600000,-0.600000,0.600000,-0.600000,-0.600000,0.600000,-0.600000,0.600000,0.600000,-0.600000,0.600000,-0.600000,-0.600000,-0.600000,0.764390,-0.600000,0.600000,-0.600000,-0.999999,-0.600000,-0.695527,0.600000,0.600000,0.764390,-0.600000,0.600000,-0.600000,0.600000,0.600000,-0.600000,-0.600000,-0.600000,-0.600000,0.001328,-0.600000,-0.600000,-0.600000,-0.600000,0.600000,-0.600000,-0.691267,-0.600000,0.600000,-0.600000,-0.600000,-0.600000,-0.001328,0.691267
68,-0.600000,-0.600000,-0.600000,-0.600000,1.000000,-0.697645,-0.600000,0.001190,0.600000,-0.600000,-0.600000,-0.600000,-0.600000,-0.600000,0.600000,0.600000,-0.600000,0.600000,-0.600000,-0.600000,-0.600000,-0.600000,-0.600000,-0.600000,0.600000,-0.600000,0.600000,-0.600000,-0.600000,0.600000,-0.600000,0.600000,0.600000,-0.600000,0.600000,-0.600000,-0.600000,-0.600000,0.764390,-0.600000,0.600000,-0.600000,-1.000000,-0.600000,-0.697645,0.600000,0.600000,0.764390,-0.600000,0.600000,-0.600000,0.600000,0.600000,-0.600000,-0.600000,-0.600000,-0.600000,0.001190,-0.600000,-0.600000,-0.600000,-0.600000,0.600000,-0.600000,-0.697645,-0.600000,0.600000,-0.600000,-0.600000,-0.600000,-0.001190,0.697645
69,-0.600000,-0.600000,-0.600000,-0.600000,1.000000,-0.701855,-0.600000,0.001066,0.600000,-0.600000,-0.600000,-0.600000,-0.600000,-0.600000,0.600000,0.600000,-0.600000,0.600000,-0.600000,-0.600000,-0.600000,-0.600000,-0.600000,-0.600000,0.600000,-0.600000,0.600000,-0.600000,-0.600000,0.600000,-0.600000,0.600000,0.600000,-0.600000,0.600000,-0.600000,-0.600000,-0.600000,0.764390,-0.600000,0.600000,-0.600000,-1.000000,-0.600000,-0.701855,0.600000,0.600000,0.764390,-0.600000,0.600000,-0.600000,0.600000,0.600000,-0.600000,-0.600000,-0.600000,-0.600000,0.001066,-0.600000,-0.600000,-0.600000,-0.600000,0.600000,-0.600000,-0.699755,-0.600000,0.600000,-0.600000,-0.600000,-0.600000,-0.001066,0.699755
70,-0.600000,-0.600000,-0.600000,-0.600000,1.000000,-0.703948,-0.600000,0.000979,0.600000,-0.600000,-0.600000,-0.600000,-0.600000,-0.600000,0.600000,0.600000,-0.600000,0.600000,-0.600000,-0.600000,-0.600000,-0.600000,-0.600000,-0.600000,0.600000,-0.600000,0.600000,-0.600000,-0.600000,0.600000,-0.600000,0.600000,0.600000,-0.600000,0.600000,-0.600000,-0.600000,-0.600000,0.783673,-0.600000,0.600000,-0.600000,-1.000000,-0.600000,-0.703948,0.600000,0.600000,0.783673,-0.600000,0.600000,-0.600000,0.600000,0.600000,-0.600000,-0.600000,-0.600000,-0.600000,0.000979,-0.600000,-0.600000,-0.600000,-0.600000,0.600000,-0.600000,-0.699755,-0.600000,0.600000,-0.600000,-0.600000,-0.600000,-0.000979,0.699755
71,-0.600000,-0.600000,-0.600000,-0.600000,1.000000,-0.703948,-0.600000,0.000881,0.600000,-0.600000,-0.600000,-0.600000,-0.600000,-0.600000,0.600000,0.600000,-0.600000,0.600000,-0.600000,-0.600000,-0.600000,-0.600000,-0.600000,-0.600000,0.600000,-0.600000,0.600000,-0.600000,-0.600000,0.600000,-0.600000,0.600000,0.600000,-0.600000,0.600000,-0.600000,-0.600000,-0.600000,0.783673,-0.600000,0.600000,-0.600000,-1.000000,-0.600000,-0.703948,0.600000,0.600000,0.783673,-0.600000,0.600000,-0.600000,0.600000,0.600000,-0.600000,-0.600000,-0.600000,-0.600000,0.000881,-0.600000,-0.600000,-0.600000,-0.600000,0.600000,-0.600000,-0.699755,-0.600000,0.600000,-0.600000,-0.600000,-0.600000,-0.000881,0.699755
72,-0.600000,-0.600000,-0.600000,-0.600000,1.000000,-0.703948,-0.600000,0.000789,0.600000,-0.600000,-0.600000,-0.600000,-0.600000,-0.600000,0.600000,0.600000,-0.600000,0.600000,-0.600000,-0.600000,-0.600000,-0.600000,-0.600000,-0.600000,0.600000,-0.600000,0.600000,-0.600000,-0.600000,0.600000,-0.600000,0.600000,0.600000,-0.600000,0.600000,-0.600000,-0.600000,-0.600000,0.783673,-0.600000,0.600000,-0.600000,-1.000000,-0.600000,-0.703948,0.600000,0.600000,0.783673,-0.600000,0.600000,-0.600000,0.600000,0.600000,-0.600000,-0.600000,-0.600000,-0.600000,0.000789,-0.600000,-0.600000,-0.600000,-0.600000,0.600000,-0.600000,-0.699755,-0.600000,0.600000,-0.600000,-0.600000,-0.600000,-0.000789,0.699755
73,-0.600000,-0.600000,-0.600000,-0.600000,1.000000,-0.703948,-0.600000,0.000710,0.600000,-0.600000,-0.600000,-0.600000,-0.600000,-0.600000,0.600000,0.600000,-0.600000,0.600000,-0.600000,-0.600000,-0.600000,-0.600000,-0.600000,-0.600000,0.600000,-0.600000,0.600000,-0.600000,-0.600000,0.600000,-0.600000,0.600000,0.600000,-0.600000,0.600000,-0.600000,-0.600000,-0.600000,0.801791,-0.600000,0.600000,-0.600000,-1.000000,-0.600000,-0.703948,0.600000,0.600000,0.801791,-0.600000,0.600000,-0.600000,0.600000,0.600000,-0.600000,-0.600000,-0.600000,-0.600000,0.000710,-0.600000,-0.600000,-0.600000,-0.600000,0.600000,-0.600000,-0.699755,-0.600000,0.600000,-0.600000,-0.600000,-0.600000,-0.000710,0.699755
74,-0.600000,-0.600000,-0.600000,-0.600000,1.000000,-0.703948,-0.600000,0.000639,0.600000,-0.600000,-0.600000,-0.600000,-0.600000,-0.600000,0.600000,0.600000,-0.600000,0.600000,-0.600000,-0.600000,-0.600000,-0.600000,-0.600000,-0.600000,0.600000,-0.600000,0.600000,-0.600000,-0.600000,0.600000,-0.600000,0.600000,0.600000,-0.600000,0.600000,-0.600000,-0.600000,-0.600000,0.803380,-0.600000,0.600000,-0.600000,-1.000000,-0.600000,-0.703948,0.600000,0.600000,0.803380,-0.600000,0.600000,-0.600000,0.600000,0.600000,-0.600000,-0.600000,-0.600000,-0.600000,0.000639,-0.600000,-0.600000,-0.600000,-0.600000,0.600000,-0.600000,-0.699755,-0.600000,0.600000,-0.600000,-0.600000,-0.600000,-0.000639,0.699755
75,-0.600000,-0.600000,-0.600000,-0.600000,1.000000,-0.703948,-0.600000,0.000587,0.600000,-0.600000,-0.600000,-0.600000,-0.600000,-0.600000,0.600000,0.600000,-0.600000,0.600000,-0.600000,-0.600000,-0.600000,-0.600000,-0.600000,-0.600000,0.600000,-0.600000,0.600000,-0.600000,-0.600000,0.600000,-0.600000,0.600000,0.600000,-0.600000,0.600000,-0.600000,-0.600000,-0.600000,0.803380,-0.600000,0.600000,-0.600000,-1.000000,-0.600000,-0.703948,0.600000,0.600000,0.803380,-0.600000,0.600000,-0.600000,0.600000,0.600000,-0.600000,-0.600000,-0.600000,-0.600000,0.000587,-0.600000,-0.600000,-0.600000,-0.600000,0.600000,-0.600000,-0.703948,-0.600000,0.600000,-0.600000,-0.600000,-0.600000,-0.000587,0.703948
76,-0.600000,-0.600000,-0.600000,-0.600000,1.000000,-0.710175,-0.600000,0.000526,0.600000,-0.600000,-0.600000,-0.600000,-0.600000,-0.600000,0.600000,0.600000,-0.600000,0.600000,-0.600000,-0.600000,-0.600000,-0.600000,-0.600000,-0.600000,0.600000,-0.600000,0.600000,-0.600000,-0.600000,0.600000,-0.600000,0.600000,0.600000,-0.600000,0.600000,-0.600000,-0.600000,-0.600000,0.803380,-0.600000,0.600000,-0.600000,-1.000000,-0.600000,-0.710175,0.600000,0.600000,0.803380,-0.600000,0.600000,-0.600000,0.600000,0.600000,-0.600000,-0.600000,-0.600000,-0.600000,0.000526,-0.600000,-0.600000,-0.600000,-0.600000,0.600000,-0.600000,-0.706032,-0.600000,0.600000,-0.600000,-0.600000,-0.600000,-0.000526,0.706032
77,-0.600000,-0.600000,-0.600000,-0.600000,1.000000,-0.710175,-0.600000,0.000471,0.600000,-0.600000,-0.600000,-0.600000,-0.600000,-0.600000,0.600000,0.600000,-0.600000,0.600000,-0.600000,-0.600000,-0.600000,-0.600000,-0.600000,-0.600000,0.600000,-0.600000,0.600000,-0.600000,-0.600000,0.600000,-0.600000,0.600000,0.600000,-0.600000,0.600000,-0.600000,-0.600000,-0.600000,0.803380,-0.600000,0.600000,-0.600000,-1.000000,-0.600000,-0.710175,0.600000,0.600000,0.803380,-0.600000,0.600000,-0.600000,0.600000,0.600000,-0.600000,-0.600000,-0.600000,-0.600000,0.000471,-0.600000,-0.600000,-0.600000,-0.600000,0.600000,-0.600000,-0.706032,-0.600000,0.600000,-0.600000,-0.600000,-0.600000,-0.000471,0.706032
78,-0.600000,-0.600000,-0.600000,-0.600000,1.000000,-0.712233,-0.600000,0.000424,0.600000,-0.600000,-0.600000,-0.600000,-0.600000,-0.600000,0.600000,0.600000,-0.600000,0.600000,-0.600000,-0.600000,-0.600000,-0.600000,-0.600000,-0.600000,0.600000,-0.600000,0.600000,-0.600000,-0.600000,0.600000,-0.600000,0.600000,0.600000,-0.600000,0.600000,-0.600000,-0.600000,-0.600000,0.803380,-0.600000,0.600000,-0.600000,-1.000000,-0.600000,-0.712233,0.600000,0.600000,0.803380,-0.600000,0.600000,-0.600000,0.600000,0.600000,-0.600000,-0.600000,-0.600000,-0.600000,0.000424,-0.600000,-0.600000,-0.600000,-0.600000,0.600000,-0.600000,-0.706032,-0.600000,0.600000,-0.600000,-0.600000,-0.600000,-0.000424,0.706032
79,-0.600000,-0.600000,-0.600000,-0.600000,1.000000,-0.712233,-0.600000,0.000399,0.600000,-0.600000,-0.600000,-0.600000,-0.600000,-0.600000,0.600000,0.600000,-0.600000,0.600000,-0.600000,-0.600000,-0.600000,-0.600000,-0.600000,-0.600000,0.600000,-0.600000,0.600000,-0.600000,-0.600000,0.600000,-0.600000,0.600000,0.600000,-0.600000,0.600000,-0.600000,-0.600000,-0.600000,0.803380,-0.600000,0.600000,-0.600000,-1.000000,-0.600000,-0.712233,0.600000,0.600000,0.803380,-0.600000,0.600000,-0.600000,0.600000,0.600000,-0.600000,-0.600000,-0.600000,-0.600000,0.000399,-0.600000,-0.600000,-0.600000,-0.600000,0.600000,-0.600000,-0.710175,-0.600000,0.600000,-0.600000,-0.600000,-0.600000,-0.000399,0.710175
80,-0.600000,-0.600000,-0.600000,-0.600000,1.000000,-0.718355,-0.600000,0.000358,0.600000,-0.600000,-0.600000,-0.600000,-0.600000,-0.600000,0.600000,0.600000,-0.600000,0.600000,-0.600000,-0.600000,-0.600000,-0.600000,-0.600000,-0.600000,0.600000,-0.600000,0.600000,-0.600000,-0.600000,0.600000,-0.600000,0.600000,0.600000,-0.600000,0.600000,-0.600000,-0.600000,-0.600000,0.803380,-0.600000,0.600000,-0.600000,-1.000000,-0.600000,-0.718355,0.600000,0.600000,0.803380,-0.600000,0.600000,-0.600000,0.600000,0.600000,-0.600000,-0.600000,-0.600000,-0.600000,0.000358,-0.600000,-0.600000,-0.600000,-0.600000,0.600000,-0.600000,-0.712233,-0.600000,0.600000,-0.600000,-0.600000,-0.600000,-0.000358,0.712233
81,-0.600000,-0.600000,-0.600000,-0.600000,1.000000,-0.726395,-0.600000,0.000320,0.600000,-0.600000,-0.600000,-0.600000,-0.600000,-0.600000,0.600000,0.600000,-0.600000,0.600000,-0.600000,-0.600000,-0.600000,-0.600000,-0.600000,-0.600000,0.600000,-0.600000,0.600000,-0.600000,-0.600000,0.600000,-0.600000,0.600000,0.600000,-0.600000,0.600000,-0.600000,-0.600000,-0.600000,0.803380,-0.600000,0.600000,-0.600000,-1.000000,-0.600000,-0.726395,0.600000,0.600000,0.803380,-0.600000,0.600000,-0.600000,0.600000,0.600000,-0.600000,-0.600000,-0.600000,-0.600000,0.000320,-0.600000,-0.600000,-0.600000,-0.600000,0.600000,-0.600000,-0.712233,-0.600000,0.600000,-0.600000,-0.600000,-0.600000,-0.000320,0.712233
