tick,food_sensed_N,food_sensed_E,food_sensed_S,food_sensed_W,movement,food_consumed,energy,manhattan_dist,decision_made,conn_0_0,conn_0_2,conn_0_3,conn_0_4,conn_0_5,conn_0_6,conn_0_9,conn_1_0,conn_1_1,conn_1_3,conn_1_4,conn_1_5,conn_1_6,conn_1_8,conn_1_9,conn_1_10,conn_2_0,conn_2_1,conn_2_3,conn_2_6,conn_2_7,conn_2_8,conn_2_9,conn_3_2,conn_3_5,conn_3_6,conn_3_7,conn_3_8,conn_3_9,conn_3_10,conn_4_0,conn_4_2,conn_4_4,conn_4_5,conn_4_6,conn_4_8,conn_4_9,conn_4_10,conn_5_0,conn_5_1,conn_5_2,conn_5_3,conn_5_9,conn_5_10,conn_6_4,conn_6_5,conn_6_6,conn_6_8,conn_6_9,conn_7_5,conn_7_6,conn_7_8,conn_8_2,conn_8_4,conn_8_5,conn_8_6,conn_8_8,conn_9_0,conn_9_1,conn_9_2,conn_9_3,conn_9_4,conn_9_6,conn_9_7,conn_9_8,conn_9_10,conn_10_1,conn_10_3,conn_10_4,conn_10_5,conn_10_7
0,0,0,0,0,stay,0,30,0,0,-0.600000,0.600000,0.600000,-0.600000,1.000000,-0.600000,-0.600000,-0.600000,-0.600000,0.600000,-0.600000,-0.600000,-0.600000,0.600000,0.600000,0.600000,-0.600000,0.600000,-0.600000,-0.600000,-0.600000,-0.600000,-0.600000,-0.600000,-0.600000,-0.600000,-0.600000,-0.600000,-0.600000,-0.600000,-0.600000,-0.600000,-0.600000,-0.600000,0.600000,-0.600000,0.600000,0.600000,0.600000,0.600000,0.600000,0.600000,-0.600000,-0.600000,-0.600000,-0.600000,-0.600000,-0.600000,-0.600000,0.600000,-0.600000,0.600000,0.600000,0.600000,0.600000,-0.600000,-0.600000,0.600000,-0.600000,-0.600000,-0.600000,-0.600000,-0.600000,-0.600000,-0.600000,0.600000,0.600000,-0.600000,-0.600000,0.600000,-0.600000
1,0,0,1,0,stay,0,29,0,1,-0.585524,0.600000,0.600000,-0.600000,1.000000,-0.610755,-0.600000,-0.602402,-0.604793,0.593988,-0.613131,-0.593988,-0.601200,0.600000,0.600000,0.600000,-0.600000,0.600000,-0.601200,-0.613131,-0.602402,-0.611944,-0.600000,-0.604793,-0.596396,-0.589158,-0.614317,-0.600000,-0.591579,-0.600000,-0.600000,-0.600000,-0.602399,-0.600000,0.595193,-0.600000,0.600000,0.613131,0.600000,0.600000,0.613131,0.600000,-0.584312,-0.591579,-0.600000,-0.600000,-0.584312,-0.610755,-0.614317,0.601200,-0.600000,0.600000,0.600000,0.600000,0.605988,-0.600000,-0.589158,0.586737,-0.592782,-0.593988,-0.613131,-0.600000,-0.600000,-0.600000,-0.600000,0.600000,0.586737,-0.613131,-0.595195,0.589158,-0.600000
2,0,0,0,1,S,0,27,1,1,-0.567221,0.600000,0.600000,-0.600000,1.000000,-0.626101,-0.600000,-0.610769,-0.615502,0.589158,-0.620227,-0.589158,-0.609565,0.600000,0.600000,0.600000,-0.600000,0.600000,-0.609565,-0.620227,-0.593998,-0.616688,-0.600000,-0.615502,-0.585524,-0.573345,-0.631939,-0.600000,-0.595204,-0.600000,-0.600000,-0.600000,-0.613131,-0.600000,0.584311,-0.600000,0.600000,0.620227,0.600000,0.600000,0.620227,0.600000,-0.557385,-0.595204,-0.600000,-0.600000,-0.557385,-0.626101,-0.631939,0.603596,-0.600000,0.600000,0.600000,0.600000,0.610755,-0.600000,-0.573345,0.579447,-0.579448,-0.589158,-0.620227,-0.600000,-0.600000,-0.600000,-0.600000,0.600000,0.579447,-0.620227,-0.578239,0.573345,-0.600000
3,0,0,0,1,stay,1,29,1,1,-0.551205,0.600000,0.600000,-0.600000,1.000000,-0.636581,-0.600000,-0.615520,-0.620228,0.584311,-0.627272,-0.584311,-0.611944,0.600000,0.600000,0.600000,-0.600000,0.600000,-0.611944,-0.627272,-0.589169,-0.619053,-0.600000,-0.622581,-0.580664,-0.562307,-0.646934,-0.600000,-0.595208,-0.600000,-0.600000,-0.600000,-0.620227,-0.602399,0.577009,-0.600000,0.600000,0.627272,0.600000,0.600000,0.627272,0.600000,-0.538817,-0.595208,-0.602399,-0.600000,-0.538817,-0.636581,-0.646934,0.608374,-0.602399,0.600000,0.600000,0.600000,0.615502,-0.600000,-0.562307,0.572122,-0.572123,-0.584311,-0.627272,-0.600000,-0.600000,-0.600000,-0.597599,0.600000,0.572122,-0.627272,-0.573362,0.562307,-0.600000
4,0,0,1,1,W,0,27,2,1,-0.537567,0.600000,0.600000,-0.600000,1.000000,-0.646934,-0.600000,-0.626126,-0.624932,0.580664,-0.640047,-0.580664,-0.621405,0.600000,0.600000,0.600000,-0.600000,0.600000,-0.621405,-0.640047,-0.590385,-0.631944,-0.600000,-0.630774,-0.573345,-0.551205,-0.659402,-0.600000,-0.590388,-0.600000,-0.600000,-0.600000,-0.629608,-0.605988,0.568448,-0.600000,0.600000,0.640047,0.600000,0.600000,0.640047,0.600000,-0.515145,-0.590388,-0.605988,-0.600000,-0.515145,-0.646934,-0.659402,0.608374,-0.605988,0.600000,0.600000,0.600000,0.619048,-0.600000,-0.551205,0.558612,-0.558614,-0.580664,-0.640047,-0.600000,-0.600000,-0.600000,-0.593988,0.600000,0.558612,-0.640047,-0.554932,0.551205,-0.600000
5,0,0,1,1,stay,1,29,2,1,-0.520130,0.600000,0.600000,-0.600000,1.000000,-0.654892,-0.600000,-0.631965,-0.627276,0.578228,-0.652627,-0.578228,-0.624929,0.600000,0.600000,0.600000,-0.600000,0.600000,-0.624929,-0.652627,-0.595217,-0.642354,-0.600000,-0.636581,-0.569673,-0.542534,-0.674957,-0.600000,-0.583119,-0.600000,-0.600000,-0.600000,-0.635423,-0.609565,0.562307,-0.600000,0.600000,0.652627,0.600000,0.600000,0.652627,0.600000,-0.493901,-0.583119,-0.609565,-0.600000,-0.493901,-0.654892,-0.674957,0.610755,-0.609565,0.600000,0.600000,0.600000,0.621405,-0.600000,-0.542534,0.545015,-0.552444,-0.578228,-0.652627,-0.600000,-0.600000,-0.600000,-0.590367,0.600000,0.545015,-0.652627,-0.547514,0.542534,-0.600000
6,0,0,1,1,stay,0,28,2,1,-0.507641,0.600000,0.600000,-0.600000,1.000000,-0.660525,-0.600000,-0.634289,-0.627276,0.575789,-0.661646,-0.575789,-0.624929,0.600000,0.600000,0.600000,-0.600000,0.600000,-0.624929,-0.661646,-0.600031,-0.649222,-0.600000,-0.638893,-0.569673,-0.536324,-0.685838,-0.600000,-0.575813,-0.600000,-0.600000,-0.600000,-0.637738,-0.611944,0.559845,-0.600000,0.600000,0.663887,0.600000,0.600000,0.659402,0.600000,-0.481408,-0.575813,-0.611944,-0.600000,-0.481408,-0.660525,-0.683678,0.613131,-0.611944,0.600000,0.600000,0.600000,0.623756,-0.600000,-0.536324,0.535081,-0.549971,-0.575789,-0.661646,-0.600000,-0.600000,-0.602399,-0.587948,0.600000,0.535081,-0.661646,-0.547516,0.536324,-0.600000
7,0,0,0,1,S,0,26,3,1,-0.491393,0.600000,0.600000,-0.600000,1.000000,-0.669443,-0.600000,-0.641231,-0.631946,0.573345,-0.667225,-0.573345,-0.631939,0.600000,0.600000,0.600000,-0.600000,0.600000,-0.631939,-0.667225,-0.596433,-0.652636,-0.600000,-0.645790,-0.562307,-0.526366,-0.699685,-0.600000,-0.577038,-0.600000,-0.600000,-0.600000,-0.646934,-0.614317,0.552441,-0.600000,0.600000,0.669447,0.600000,0.600000,0.664999,0.600000,-0.457746,-0.577038,-0.614317,-0.600000,-0.457746,-0.669443,-0.697577,0.615502,-0.614317,0.600000,0.600000,0.600000,0.626101,-0.600000,-0.526366,0.528858,-0.540054,-0.573345,-0.667225,-0.600000,-0.600000,-0.602399,-0.585524,0.600000,0.528858,-0.667225,-0.535107,0.526366,-0.600000
8,0,0,0,1,stay,1,29,3,1,-0.475161,0.600000,0.600000,-0.600000,1.000000,-0.678242,-0.600000,-0.646974,-0.635430,0.569673,-0.670550,-0.569673,-0.636581,0.600000,0.600000,0.600000,-0.600000,0.600000,-0.636581,-0.670550,-0.589197,-0.652639,-0.600000,-0.652627,-0.556146,-0.516385,-0.713177,-0.600000,-0.580698,-0.600000,-0.600000,-0.600000,-0.654892,-0.617867,0.545015,-0.600000,0.600000,0.672760,0.600000,0.600000,0.668335,0.600000,-0.436728,-0.580698,-0.617867,-0.600000,-0.436728,-0.678242,-0.711125,0.619048,-0.617867,0.600000,0.600000,0.600000,0.629608,-0.600000,-0.516385,0.525119,-0.531351,-0.569673,-0.670550,-0.600000,-0.600000,-0.602399,-0.581881,0.600000,0.525119,-0.670550,-0.526395,0.516385,-0.600000
9,0,0,0,1,stay,0,28,3,1,-0.461465,0.600000,0.600000,-0.600000,1.000000,-0.686916,-0.600000,-0.650400,-0.640054,0.567221,-0.672757,-0.567221,-0.638893,0.600000,0.600000,0.600000,-0.600000,0.600000,-0.638893,-0.672757,-0.581920,-0.652643,-0.600000,-0.659402,-0.549968,-0.506391,-0.724306,-0.600000,-0.585563,-0.600000,-0.600000,-0.600000,-0.659402,-0.620227,0.537567,-0.600000,0.600000,0.674960,0.600000,0.600000,0.670550,0.600000,-0.420803,-0.585563,-0.620227,-0.600000,-0.420803,-0.686916,-0.722303,0.621405,-0.620227,0.600000,0.600000,0.600000,0.631939,-0.600000,-0.506391,0.522625,-0.526368,-0.567221,-0.672757,-0.600000,-0.600000,-0.602399,-0.579447,0.600000,0.522625,-0.672757,-0.518912,0.506391,-0.600000
10,0,0,0,1,stay,0,27,3,1,-0.449063,0.600000,0.600000,-0.600000,1.000000,-0.693337,-0.600000,-0.651542,-0.642358,0.563536,-0.674957,-0.563536,-0.641199,0.600000,0.600000,0.600000,-0.600000,0.600000,-0.641199,-0.674957,-0.575828,-0.651511,-0.600000,-0.663883,-0.543775,-0.498892,-0.734189,-0.600000,-0.587990,-0.600000,-0.600000,-0.600000,-0.664999,-0.622581,0.532593,-0.600000,0.600000,0.677152,0.600000,0.600000,0.672757,0.600000,-0.406246,-0.587990,-0.622581,-0.600000,-0.406246,-0.693337,-0.732231,0.624929,-0.622581,0.600000,0.600000,0.600000,0.635423,-0.600000,-0.498892,0.520130,-0.520133,-0.563536,-0.674957,-0.600000,-0.600000,-0.602399,-0.577009,0.600000,0.520130,-0.674957,-0.515168,0.498892,-0.600000
11,1,0,0,1,W,0,25,4,1,-0.424460,0.600000,0.600000,-0.600000,1.000000,-0.713177,-0.600000,-0.659465,-0.652636,0.557380,-0.678242,-0.557380,-0.649216,0.600000,0.600000,0.600000,-0.600000,0.600000,-0.649216,-0.678242,-0.562347,-0.649244,-0.600000,-0.673858,-0.532593,-0.475161,-0.753265,-0.600000,-0.595241,-0.600000,-0.600000,-0.600000,-0.678245,-0.622581,0.521378,-0.600000,0.600000,0.680425,0.600000,0.600000,0.676053,0.600000,-0.374111,-0.595241,-0.622581,-0.600000,-0.374111,-0.713177,-0.751400,0.630774,-0.622581,0.600000,0.600000,0.600000,0.641199,-0.600000,-0.475161,0.516385,-0.505144,-0.557380,-0.678242,-0.600000,-0.600000,-0.602399,-0.577009,0.600000,0.516385,-0.678242,-0.501424,0.475161,-0.600000
12,1,0,1,0,S,0,23,5,1,-0.409867,0.600000,0.600000,-0.600000,1.000000,-0.722303,-0.600000,-0.659467,-0.653769,0.552441,-0.682594,-0.552441,-0.649216,0.600000,0.600000,0.600000,-0.600000,0.600000,-0.649216,-0.682594,-0.561116,-0.649247,-0.600000,-0.674957,-0.531348,-0.463951,-0.764261,-0.600000,-0.591625,-0.600000,-0.600000,-0.600000,-0.682598,-0.622581,0.520130,-0.600000,0.600000,0.684762,0.600000,0.600000,0.680422,0.600000,-0.360162,-0.591625,-0.622581,-0.600000,-0.360162,-0.722303,-0.762452,0.635423,-0.622581,0.600000,0.600000,0.600000,0.645790,-0.600000,-0.463951,0.511390,-0.500145,-0.552441,-0.682594,-0.600000,-0.600000,-0.602399,-0.577009,0.600000,0.511390,-0.682594,-0.505174,0.463951,-0.600000
13,0,0,1,0,S,0,21,6,1,-0.394235,0.600000,0.600000,-0.600000,1.000000,-0.732231,-0.600000,-0.666186,-0.661655,0.547493,-0.697577,-0.547493,-0.659402,0.600000,0.600000,0.600000,-0.600000,0.600000,-0.659402,-0.697577,-0.564810,-0.663914,-0.600000,-0.682594,-0.518882,-0.451539,-0.775785,-0.600000,-0.583148,-0.600000,-0.600000,-0.600000,-0.693341,-0.622581,0.511390,-0.600000,0.600000,0.699688,0.600000,0.600000,0.695461,0.600000,-0.335200,-0.583148,-0.622581,-0.600000,-0.335200,-0.732231,-0.774038,0.636581,-0.622581,0.600000,0.600000,0.600000,0.650355,-0.600000,-0.451539,0.493892,-0.483899,-0.547493,-0.697577,-0.600000,-0.600000,-0.602399,-0.577009,0.600000,0.493892,-0.697577,-0.486427,0.451539,-0.600000
14,1,0,0,0,S,0,19,7,1,-0.370609,0.600000,0.600000,-0.600000,1.000000,-0.750463,-0.600000,-0.675040,-0.671663,0.541293,-0.700735,-0.541293,-0.668335,0.600000,0.600000,0.600000,-0.600000,0.600000,-0.668335,-0.700735,-0.551250,-0.660567,-0.600000,-0.692272,-0.507641,-0.428130,-0.792722,-0.600000,-0.590427,-0.600000,-0.600000,-0.600000,-0.708040,-0.622581,0.500142,-0.600000,0.600000,0.702834,0.600000,0.600000,0.698632,0.600000,-0.304712,-0.590427,-0.622581,-0.600000,-0.304712,-0.750463,-0.791072,0.643498,-0.622581,0.600000,0.600000,0.600000,0.656023,-0.600000,-0.428130,0.490143,-0.467687,-0.541293,-0.700735,-0.600000,-0.600000,-0.602399,-0.577009,0.600000,0.490143,-0.700735,-0.472697,0.428130,-0.600000
15,1,0,0,0,stay,1,29,7,1,-0.354423,0.600000,0.600000,-0.600000,1.000000,-0.763357,-0.600000,-0.673949,-0.676062,0.535081,-0.701784,-0.535081,-0.669443,0.600000,0.600000,0.600000,-0.600000,0.600000,-0.669443,-0.701784,-0.541338,-0.657200,-0.600000,-0.696520,-0.500142,-0.411078,-0.804005,-0.600000,-0.594052,-0.600000,-0.600000,-0.600000,-0.713187,-0.622581,0.495142,-0.600000,0.600000,0.703878,0.600000,0.600000,0.699685,0.600000,-0.289042,-0.594052,-0.622581,-0.600000,-0.289042,-0.763357,-0.802422,0.648076,-0.622581,0.600000,0.600000,0.600000,0.661646,-0.600000,-0.411078,0.488893,-0.460224,-0.535081,-0.701784,-0.600000,-0.600000,-0.602399,-0.577009,0.600000,0.488893,-0.701784,-0.471449,0.411078,-0.600000
16,0,0,0,0,W,0,27,8,1,-0.335209,0.600000,0.600000,-0.600000,1.000000,-0.770516,-0.600000,-0.678342,-0.685847,0.531348,-0.703875,-0.531348,-0.672757,0.600000,0.600000,0.600000,-0.600000,0.600000,-0.672757,-0.703875,-0.528904,-0.656077,-0.600000,-0.705957,-0.490143,-0.401425,-0.817074,-0.600000,-0.602470,-0.600000,-0.600000,-0.600000,-0.719290,-0.622581,0.483897,-0.600000,0.600000,0.705960,0.600000,0.600000,0.701784,0.600000,-0.268907,-0.602470,-0.622581,-0.600000,-0.268907,-0.770516,-0.815572,0.651492,-0.622581,0.600000,0.600000,0.600000,0.664999,-0.600000,-0.401425,0.486395,-0.452780,-0.531348,-0.703875,-0.600000,-0.600000,-0.602399,-0.577009,0.600000,0.486395,-0.703875,-0.460249,0.401425,-0.600000
17,0,0,0,0,stay,0,26,8,1,-0.324151,0.600000,0.600000,-0.600000,1.000000,-0.773161,-0.600000,-0.679435,-0.687999,0.531348,-0.704917,-0.531348,-0.674957,0.600000,0.600000,0.600000,-0.600000,0.600000,-0.674957,-0.704917,-0.527659,-0.657205,-0.600000,-0.708031,-0.486395,-0.397824,-0.824441,-0.600000,-0.603669,-0.600000,-0.600000,-0.600000,-0.721307,-0.622581,0.481400,-0.600000,0.600000,0.706998,0.600000,0.600000,0.702830,0.600000,-0.257262,-0.603669,-0.622581,-0.600000,-0.257262,-0.773161,-0.822986,0.651492,-0.622581,0.600000,0.600000,0.600000,0.664999,-0.600000,-0.397824,0.485146,-0.450303,-0.531348,-0.704917,-0.600000,-0.600000,-0.602399,-0.577009,0.600000,0.485146,-0.704917,-0.455284,0.397824,-0.600000
18,0,0,0,0,stay,0,25,8,1,-0.311135,0.600000,0.600000,-0.600000,1.000000,-0.778387,-0.600000,-0.677257,-0.690144,0.527612,-0.704917,-0.527612,-0.676053,0.600000,0.600000,0.600000,-0.600000,0.600000,-0.676053,-0.704917,-0.521425,-0.654950,-0.600000,-0.710096,-0.480151,-0.390656,-0.832970,-0.600000,-0.606060,-0.600000,-0.600000,-0.600000,-0.724316,-0.622581,0.478903,-0.600000,0.600000,0.706998,0.600000,0.600000,0.702830,0.600000,-0.245024,-0.606060,-0.622581,-0.600000,-0.245024,-0.778387,-0.831572,0.653761,-0.622581,0.600000,0.600000,0.600000,0.668335,-0.600000,-0.390656,0.485146,-0.445356,-0.527612,-0.704917,-0.600000,-0.600000,-0.602399,-0.577009,0.600000,0.485146,-0.704917,-0.454043,0.390656,-0.600000
19,0,0,0,0,S,0,23,9,1,-0.291128,0.600000,0.600000,-0.600000,1.000000,-0.785219,-0.600000,-0.679451,-0.695470,0.525119,-0.704917,-0.525119,-0.679333,0.600000,0.600000,0.600000,-0.600000,0.600000,-0.679333,-0.704917,-0.512686,-0.651555,-0.600000,-0.715220,-0.472667,-0.381172,-0.845794,-0.600000,-0.612016,-0.600000,-0.600000,-0.600000,-0.730273,-0.622581,0.472667,-0.600000,0.600000,0.706998,0.600000,0.600000,0.702830,0.600000,-0.225220,-0.612016,-0.622581,-0.600000,-0.225220,-0.785219,-0.844483,0.657151,-0.622581,0.600000,0.600000,0.600000,0.670550,-0.600000,-0.381172,0.485146,-0.439187,-0.525119,-0.704917,-0.600000,-0.600000,-0.602399,-0.577009,0.600000,0.485146,-0.704917,-0.447848,0.381172,-0.600000
20,0,1,0,0,E,0,21,8,1,-0.269920,0.600000,0.600000,-0.600000,1.000000,-0.794363,-0.600000,-0.657311,-0.696528,0.523872,-0.704917,-0.523872,-0.679333,0.600000,0.600000,0.600000,-0.600000,0.600000,-0.679333,-0.704917,-0.510187,-0.650420,-0.600000,-0.716239,-0.446589,-0.368278,-0.859020,-0.600000,-0.613203,-0.600000,-0.600000,-0.600000,-0.731257,-0.622581,0.471421,-0.600000,0.600000,0.706998,0.600000,0.600000,0.702830,0.600000,-0.207403,-0.613203,-0.622581,-0.600000,-0.207403,-0.794363,-0.857802,0.658277,-0.622581,0.600000,0.600000,0.600000,0.671654,-0.600000,-0.368278,0.485146,-0.437956,-0.523872,-0.704917,-0.600000,-0.600000,-0.602399,-0.577009,0.600000,0.485146,-0.704917,-0.447848,0.368278,-0.600000
21,0,0,0,0,W,0,19,9,1,-0.260170,0.600000,0.600000,-0.600000,1.000000,-0.798422,-0.600000,-0.656186,-0.698640,0.521378,-0.705957,-0.521378,-0.680422,0.600000,0.600000,0.600000,-0.600000,0.600000,-0.680422,-0.705957,-0.506439,-0.649285,-0.600000,-0.718269,-0.441650,-0.362477,-0.864978,-0.600000,-0.614390,-0.600000,-0.600000,-0.600000,-0.734198,-0.622581,0.468930,-0.600000,0.600000,0.708034,0.600000,0.600000,0.703875,0.600000,-0.198494,-0.614390,-0.622581,-0.600000,-0.198494,-0.798422,-0.863804,0.660525,-0.622581,0.600000,0.600000,0.600000,0.673858,-0.600000,-0.362477,0.483897,-0.434266,-0.521378,-0.705957,-0.600000,-0.600000,-0.602399,-0.577009,0.600000,0.483897,-0.705957,-0.446610,0.362477,-0.600000
22,0,0,0,0,S,0,17,10,1,-0.249711,0.600000,0.600000,-0.600000,1.000000,-0.803215,-0.600000,-0.658446,-0.703883,0.518882,-0.708031,-0.518882,-0.682594,0.600000,0.600000,0.600000,-0.600000,0.600000,-0.682594,-0.708031,-0.500189,-0.651560,-0.600000,-0.723306,-0.435493,-0.355569,-0.871285,-0.600000,-0.617941,-0.600000,-0.600000,-0.600000,-0.736148,-0.622581,0.462708,-0.600000,0.600000,0.710099,0.600000,0.600000,0.705957,0.600000,-0.188340,-0.617941,-0.622581,-0.600000,-0.188340,-0.803215,-0.870157,0.660525,-0.622581,0.600000,0.600000,0.600000,0.676053,-0.600000,-0.355569,0.481400,-0.429357,-0.518882,-0.708031,-0.600000,-0.600000,-0.602399,-0.577009,0.600000,0.481400,-0.708031,-0.437974,0.355569,-0.600000
23,0,0,0,0,stay,0,16,10,1,-0.238626,0.600000,0.600000,-0.600000,1.000000,-0.807142,-0.600000,-0.657329,-0.709072,0.513888,-0.710096,-0.513888,-0.682594,0.600000,0.600000,0.600000,-0.600000,0.600000,-0.682594,-0.710096,-0.491440,-0.653829,-0.600000,-0.728287,-0.428130,-0.349857,-0.877877,-0.600000,-0.621481,-0.600000,-0.600000,-0.600000,-0.736148,-0.622581,0.456497,-0.600000,0.600000,0.712155,0.600000,0.600000,0.708031,0.600000,-0.179325,-0.621481,-0.622581,-0.600000,-0.179325,-0.807142,-0.876799,0.660525,-0.622581,0.600000,0.600000,0.600000,0.680422,-0.600000,-0.349857,0.478903,-0.424462,-0.513888,-0.710096,-0.600000,-0.600000,-0.602399,-0.577009,0.600000,0.478903,-0.710096,-0.431828,0.349857,-0.600000
24,0,0,0,0,stay,0,15,10,1,-0.230536,0.600000,0.600000,-0.600000,1.000000,-0.811776,-0.600000,-0.658458,-0.713185,0.511390,-0.712152,-0.511390,-0.684759,0.600000,0.600000,0.600000,-0.600000,0.600000,-0.684759,-0.712152,-0.486442,-0.654961,-0.600000,-0.732231,-0.422018,-0.343059,-0.882629,-0.600000,-0.623834,-0.600000,-0.600000,-0.600000,-0.739054,-0.622581,0.451539,-0.600000,0.600000,0.714203,0.600000,0.600000,0.710096,0.600000,-0.171358,-0.623834,-0.622581,-0.600000,-0.171358,-0.811776,-0.881587,0.661646,-0.622581,0.600000,0.600000,0.600000,0.682594,-0.600000,-0.343059,0.476408,-0.419582,-0.511390,-0.712152,-0.600000,-0.600000,-0.602399,-0.577009,0.600000,0.476408,-0.712152,-0.425701,0.343059,-0.600000
25,0,1,1,0,S,0,13,11,1,-0.220911,0.600000,0.600000,-0.600000,1.000000,-0.817074,-0.600000,-0.652822,-0.717263,0.506391,-0.718269,-0.506391,-0.684759,0.600000,0.600000,0.600000,-0.600000,0.600000,-0.684759,-0.718269,-0.483944,-0.658345,-0.600000,-0.736138,-0.411078,-0.335209,-0.888218,-0.600000,-0.621491,-0.600000,-0.600000,-0.600000,-0.741940,-0.622581,0.446589,-0.600000,0.600000,0.720293,0.600000,0.600000,0.716239,0.600000,-0.163677,-0.621491,-0.622581,-0.600000,-0.163677,-0.817074,-0.887220,0.664999,-0.622581,0.600000,0.600000,0.600000,0.686916,-0.600000,-0.335209,0.468930,-0.414717,-0.506391,-0.718269,-0.600000,-0.600000,-0.602399,-0.577009,0.600000,0.468930,-0.718269,-0.424476,0.335209,-0.600000
26,0,0,1,0,W,0,11,12,1,-0.212414,0.600000,0.600000,-0.600000,1.000000,-0.821522,-0.600000,-0.653959,-0.720298,0.503892,-0.726301,-0.503892,-0.685838,0.600000,0.600000,0.600000,-0.600000,0.600000,-0.685838,-0.726301,-0.487690,-0.665066,-0.600000,-0.739045,-0.407449,-0.328551,-0.893097,-0.600000,-0.615599,-0.600000,-0.600000,-0.600000,-0.744805,-0.622581,0.442884,-0.600000,0.600000,0.728290,0.600000,0.600000,0.724306,0.600000,-0.156272,-0.615599,-0.622581,-0.600000,-0.156272,-0.821522,-0.892136,0.667225,-0.622581,0.600000,0.600000,0.600000,0.689064,-0.600000,-0.328551,0.458980,-0.411080,-0.503892,-0.726301,-0.600000,-0.600000,-0.602399,-0.577009,0.600000,0.458980,-0.726301,-0.422031,0.328551,-0.600000
27,0,1,0,0,S,0,9,13,1,-0.202535,0.600000,0.600000,-0.600000,1.000000,-0.825886,-0.600000,-0.646002,-0.722311,0.503892,-0.726301,-0.503892,-0.687991,0.600000,0.600000,0.600000,-0.600000,0.600000,-0.687991,-0.726301,-0.485192,-0.665066,-0.600000,-0.740971,-0.394235,-0.321962,-0.898702,-0.600000,-0.617964,-0.600000,-0.600000,-0.600000,-0.746703,-0.622581,0.440417,-0.600000,0.600000,0.728290,0.600000,0.600000,0.724306,0.600000,-0.147243,-0.617964,-0.622581,-0.600000,-0.147243,-0.825886,-0.897787,0.667225,-0.622581,0.600000,0.600000,0.600000,0.689064,-0.600000,-0.321962,0.458980,-0.408660,-0.503892,-0.726301,-0.600000,-0.600000,-0.602399,-0.577009,0.600000,0.458980,-0.726301,-0.417159,0.321962,-0.600000
28,0,1,0,0,stay,1,29,13,1,-0.186080,0.600000,0.600000,-0.600000,1.000000,-0.834359,-0.600000,-0.624003,-0.724314,0.503892,-0.726301,-0.503892,-0.689064,0.600000,0.600000,0.600000,-0.600000,0.600000,-0.689064,-0.726301,-0.482694,-0.665066,-0.600000,-0.742888,-0.368278,-0.308994,-0.907887,-0.600000,-0.620324,-0.600000,-0.600000,-0.600000,-0.747649,-0.622581,0.437954,-0.600000,0.600000,0.728290,0.600000,0.600000,0.724306,0.600000,-0.133935,-0.620324,-0.622581,-0.600000,-0.133935,-0.834359,-0.907045,0.667225,-0.622581,0.600000,0.600000,0.600000,0.689064,-0.600000,-0.308994,0.458980,-0.407452,-0.503892,-0.726301,-0.600000,-0.600000,-0.602399,-0.577009,0.600000,0.458980,-0.726301,-0.413515,0.308994,-0.600000
29,0,0,0,0,N,0,27,12,1,-0.176421,0.600000,0.600000,-0.600000,1.000000,-0.839148,-0.600000,-0.622833,-0.728294,0.500142,-0.726301,-0.500142,-0.691205,0.600000,0.600000,0.600000,-0.600000,0.600000,-0.691205,-0.726301,-0.473960,-0.661719,-0.600000,-0.746695,-0.360168,-0.301564,-0.913191,-0.600000,-0.625025,-0.600000,-0.600000,-0.600000,-0.752342,-0.622581,0.433035,-0.600000,0.600000,0.728290,0.600000,0.600000,0.724306,0.600000,-0.125456,-0.625025,-0.622581,-0.600000,-0.125456,-0.839148,-0.912393,0.670550,-0.622581,0.600000,0.600000,0.600000,0.692272,-0.600000,-0.301564,0.458980,-0.401427,-0.500142,-0.726301,-0.600000,-0.600000,-0.602399,-0.577009,0.600000,0.458980,-0.726301,-0.409877,0.301564,-0.600000
30,0,1,0,0,S,0,25,13,1,-0.162335,0.600000,0.600000,-0.600000,1.000000,-0.846447,-0.600000,-0.601483,-0.730271,0.500142,-0.726301,-0.500142,-0.692272,0.600000,0.600000,0.600000,-0.600000,0.600000,-0.692272,-0.726301,-0.471467,-0.661719,-0.600000,-0.748584,-0.336325,-0.290096,-0.920813,-0.600000,-0.627368,-0.600000,-0.600000,-0.600000,-0.753274,-0.622581,0.430581,-0.600000,0.600000,0.728290,0.600000,0.600000,0.724306,0.600000,-0.114361,-0.627368,-0.622581,-0.600000,-0.114361,-0.846447,-0.920079,0.670550,-0.622581,0.600000,0.600000,0.600000,0.692272,-0.600000,-0.290096,0.458980,-0.400226,-0.500142,-0.726301,-0.600000,-0.600000,-0.602399,-0.577009,0.600000,0.458980,-0.726301,-0.406252,0.290096,-0.600000
31,0,1,0,0,stay,0,24,13,1,-0.147903,0.600000,0.600000,-0.600000,1.000000,-0.853472,-0.600000,-0.574857,-0.730271,0.500142,-0.726301,-0.500142,-0.692272,0.600000,0.600000,0.600000,-0.600000,0.600000,-0.692272,-0.726301,-0.471467,-0.661719,-0.600000,-0.748584,-0.312209,-0.278890,-0.928487,-0.600000,-0.627368,-0.600000,-0.600000,-0.600000,-0.753274,-0.622581,0.430581,-0.600000,0.600000,0.728290,0.600000,0.600000,0.724306,0.600000,-0.103664,-0.627368,-0.622581,-0.600000,-0.103664,-0.853472,-0.927819,0.670550,-0.622581,0.600000,0.600000,0.600000,0.692272,-0.600000,-0.278890,0.458980,-0.400226,-0.500142,-0.726301,-0.600000,-0.600000,-0.602399,-0.577009,0.600000,0.458980,-0.726301,-0.406252,0.278890,-0.600000
32,0,0,0,0,W,0,22,14,1,-0.141701,0.600000,0.600000,-0.600000,1.000000,-0.855341,-0.600000,-0.576081,-0.732238,0.497642,-0.727295,-0.497642,-0.693337,0.600000,0.600000,0.600000,-0.600000,0.600000,-0.693337,-0.727295,-0.467730,-0.660602,-0.600000,-0.750463,-0.310064,-0.275880,-0.931744,-0.600000,-0.628537,-0.600000,-0.600000,-0.600000,-0.756055,-0.622581,0.428130,-0.600000,0.600000,0.729279,0.600000,0.600000,0.725305,0.600000,-0.098652,-0.628537,-0.622581,-0.600000,-0.098652,-0.855341,-0.931103,0.672757,-0.622581,0.600000,0.600000,0.600000,0.694400,-0.600000,-0.275880,0.457739,-0.396629,-0.497642,-0.727295,-0.600000,-0.600000,-0.602399,-0.577009,0.600000,0.457739,-0.727295,-0.405043,0.275880,-0.600000
33,0,0,0,0,S,0,20,15,1,-0.133965,0.600000,0.600000,-0.600000,1.000000,-0.859020,-0.600000,-0.576083,-0.735172,0.495142,-0.727295,-0.495142,-0.695461,0.600000,0.600000,0.600000,-0.600000,0.600000,-0.695461,-0.727295,-0.461510,-0.659481,-0.600000,-0.753265,-0.304736,-0.269920,-0.935772,-0.600000,-0.632034,-0.600000,-0.600000,-0.600000,-0.758814,-0.622581,0.424460,-0.600000,0.600000,0.729279,0.600000,0.600000,0.725305,0.600000,-0.092168,-0.632034,-0.622581,-0.600000,-0.092168,-0.859020,-0.935167,0.673858,-0.622581,0.600000,0.600000,0.600000,0.696520,-0.600000,-0.269920,0.457739,-0.391850,-0.495142,-0.727295,-0.600000,-0.600000,-0.602399,-0.577009,0.600000,0.457739,-0.727295,-0.400229,0.269920,-0.600000
34,0,0,1,1,S,0,18,16,1,-0.126588,0.600000,0.600000,-0.600000,1.000000,-0.860830,-0.600000,-0.574862,-0.733226,0.493892,-0.730263,-0.493892,-0.695461,0.600000,0.600000,0.600000,-0.600000,0.600000,-0.695461,-0.730263,-0.462753,-0.660607,-0.600000,-0.754195,-0.302619,-0.266971,-0.939578,-0.600000,-0.629709,-0.600000,-0.600000,-0.600000,-0.760642,-0.626101,0.423239,-0.600000,0.600000,0.732234,0.600000,0.600000,0.728287,0.600000,-0.086861,-0.629709,-0.626101,-0.600000,-0.086861,-0.860830,-0.939006,0.676053,-0.626101,0.600000,0.600000,0.600000,0.697577,-0.600000,-0.266971,0.454017,-0.390658,-0.493892,-0.730263,-0.600000,-0.600000,-0.602399,-0.573345,0.600000,0.454017,-0.730263,-0.401428,0.266971,-0.600000
35,0,1,1,0,S,0,16,17,1,-0.120620,0.600000,0.600000,-0.600000,1.000000,-0.866723,-0.600000,-0.580968,-0.740024,0.490143,-0.742888,-0.490143,-0.704917,0.600000,0.600000,0.600000,-0.600000,0.600000,-0.704917,-0.742888,-0.465237,-0.672838,-0.600000,-0.761544,-0.290096,-0.257290,-0.942632,-0.600000,-0.623869,-0.600000,-0.600000,-0.600000,-0.770527,-0.627272,0.413502,-0.600000,0.600000,0.744799,0.600000,0.600000,0.740971,0.600000,-0.079227,-0.623869,-0.627272,-0.600000,-0.079227,-0.866723,-0.942088,0.678242,-0.627272,0.600000,0.600000,0.600000,0.700735,-0.600000,-0.257290,0.437954,-0.376463,-0.490143,-0.742888,-0.600000,-0.600000,-0.602399,-0.572122,0.600000,0.437954,-0.742888,-0.383529,0.257290,-0.600000
36,1,1,0,0,S,0,14,18,1,-0.109899,0.600000,0.600000,-0.600000,1.000000,-0.878947,-0.600000,-0.553985,-0.740024,0.490143,-0.742888,-0.490143,-0.704917,0.600000,0.600000,0.600000,-0.600000,0.600000,-0.704917,-0.742888,-0.465237,-0.672838,-0.600000,-0.761544,-0.267952,-0.236811,-0.948065,-0.600000,-0.623869,-0.600000,-0.600000,-0.600000,-0.770527,-0.627272,0.413502,-0.600000,0.600000,0.744799,0.600000,0.600000,0.740971,0.600000,-0.071883,-0.623869,-0.627272,-0.600000,-0.071883,-0.878947,-0.947569,0.678242,-0.627272,0.600000,0.600000,0.600000,0.700735,-0.600000,-0.236811,0.437954,-0.376463,-0.490143,-0.742888,-0.600000,-0.600000,-0.602399,-0.572122,0.600000,0.437954,-0.742888,-0.383529,0.236811,-0.600000
37,1,1,0,0,stay,1,29,18,1,-0.099571,0.600000,0.600000,-0.600000,1.000000,-0.890193,-0.600000,-0.526677,-0.740024,0.490143,-0.742888,-0.490143,-0.704917,0.600000,0.600000,0.600000,-0.600000,0.600000,-0.704917,-0.742888,-0.465237,-0.672838,-0.600000,-0.761544,-0.246908,-0.217483,-0.953233,-0.600000,-0.623869,-0.600000,-0.600000,-0.600000,-0.770527,-0.627272,0.413502,-0.600000,0.600000,0.744799,0.600000,0.600000,0.740971,0.600000,-0.064867,-0.623869,-0.627272,-0.600000,-0.064867,-0.890193,-0.952784,0.678242,-0.627272,0.600000,0.600000,0.600000,0.700735,-0.600000,-0.217483,0.437954,-0.376463,-0.490143,-0.742888,-0.600000,-0.600000,-0.602399,-0.572122,0.600000,0.437954,-0.742888,-0.383529,0.217483,-0.600000
38,1,0,1,0,E,0,27,17,1,-0.095169,0.600000,0.600000,-0.600000,1.000000,-0.894995,-0.600000,-0.532906,-0.743857,0.485146,-0.750463,-0.485146,-0.710096,0.600000,0.600000,0.600000,-0.600000,0.600000,-0.710096,-0.750463,-0.465236,-0.680502,-0.600000,-0.765161,-0.243203,-0.209082,-0.955417,-0.600000,-0.619170,-0.600000,-0.600000,-0.600000,-0.775798,-0.627272,0.408658,-0.600000,0.600000,0.752337,0.600000,0.600000,0.748584,0.600000,-0.060450,-0.619170,-0.627272,-0.600000,-0.060450,-0.894995,-0.954988,0.679333,-0.627272,0.600000,0.600000,0.600000,0.704917,-0.600000,-0.209082,0.428130,-0.365949,-0.485146,-0.750463,-0.600000,-0.600000,-0.602399,-0.572122,0.600000,0.428130,-0.750463,-0.374111,0.209082,-0.600000
39,1,0,1,0,stay,1,29,17,1,-0.090941,0.600000,0.600000,-0.600000,1.000000,-0.898702,-0.600000,-0.534151,-0.743857,0.481400,-0.756046,-0.481400,-0.711125,0.600000,0.600000,0.600000,-0.600000,0.600000,-0.711125,-0.756046,-0.468970,-0.682674,-0.600000,-0.765161,-0.243203,-0.202535,-0.957503,-0.600000,-0.612075,-0.600000,-0.600000,-0.600000,-0.780122,-0.627272,0.408658,-0.600000,0.600000,0.757891,0.600000,0.600000,0.754195,0.600000,-0.057394,-0.612075,-0.627272,-0.600000,-0.057394,-0.898702,-0.957094,0.683678,-0.627272,0.600000,0.600000,0.600000,0.708031,-0.600000,-0.202535,0.420799,-0.361318,-0.481400,-0.756046,-0.600000,-0.600000,-0.602399,-0.572122,0.600000,0.420799,-0.756046,-0.377626,0.202535,-0.600000
40,1,0,0,0,W,0,27,18,1,-0.084916,0.600000,0.600000,-0.600000,1.000000,-0.904046,-0.600000,-0.536640,-0.747654,0.475161,-0.756046,-0.475161,-0.713177,0.600000,0.600000,0.600000,-0.600000,0.600000,-0.713177,-0.756046,-0.457777,-0.677238,-0.600000,-0.768741,-0.239536,-0.193003,-0.960459,-0.600000,-0.616816,-0.600000,-0.600000,-0.600000,-0.786075,-0.627272,0.403831,-0.600000,0.600000,0.757891,0.600000,0.600000,0.754195,0.600000,-0.052953,-0.616816,-0.627272,-0.600000,-0.052953,-0.904046,-0.960077,0.689064,-0.627272,0.600000,0.600000,0.600000,0.713177,-0.600000,-0.193003,0.420799,-0.353275,-0.475161,-0.756046,-0.600000,-0.600000,-0.602399,-0.572122,0.600000,0.420799,-0.756046,-0.376446,0.193003,-0.600000
41,0,0,1,0,W,0,25,19,1,-0.080730,0.600000,0.600000,-0.600000,1.000000,-0.906622,-0.600000,-0.540368,-0.751413,0.471421,-0.764261,-0.471421,-0.715220,0.600000,0.600000,0.600000,-0.600000,0.600000,-0.715220,-0.764261,-0.460258,-0.684850,-0.600000,-0.772282,-0.236811,-0.188366,-0.962500,-0.600000,-0.610898,-0.600000,-0.600000,-0.600000,-0.789424,-0.627272,0.399023,-0.600000,0.600000,0.766063,0.600000,0.600000,0.762452,0.600000,-0.049779,-0.610898,-0.627272,-0.600000,-0.049779,-0.906622,-0.962137,0.691205,-0.627272,0.600000,0.600000,0.600000,0.716239,-0.600000,-0.188366,0.409867,-0.347580,-0.471421,-0.764261,-0.600000,-0.600000,-0.602399,-0.572122,0.600000,0.409867,-0.764261,-0.371759,0.188366,-0.600000
42,0,0,0,0,S,0,23,20,1,-0.077446,0.600000,0.600000,-0.600000,1.000000,-0.908721,-0.600000,-0.549052,-0.756982,0.470175,-0.766956,-0.470175,-0.721298,0.600000,0.600000,0.600000,-0.600000,0.600000,-0.721298,-0.766956,-0.455292,-0.687006,-0.600000,-0.777522,-0.232317,-0.184568,-0.964095,-0.600000,-0.614463,-0.600000,-0.600000,-0.600000,-0.795192,-0.627272,0.391848,-0.600000,0.600000,0.768744,0.600000,0.600000,0.765161,0.600000,-0.046336,-0.614463,-0.627272,-0.600000,-0.046336,-0.908721,-0.963746,0.692272,-0.627272,0.600000,0.600000,0.600000,0.717255,-0.600000,-0.184568,0.406242,-0.339680,-0.470175,-0.766956,-0.600000,-0.600000,-0.602399,-0.572122,0.600000,0.406242,-0.766956,-0.358990,0.184568,-0.600000
43,0,0,0,0,stay,1,29,20,1,-0.071575,0.600000,0.600000,-0.600000,1.000000,-0.910370,-0.600000,-0.547814,-0.757902,0.468930,-0.766956,-0.468930,-0.722303,0.600000,0.600000,0.600000,-0.600000,0.600000,-0.722303,-0.766956,-0.452812,-0.684854,-0.600000,-0.778387,-0.229649,-0.181572,-0.966930,-0.600000,-0.615648,-0.600000,-0.600000,-0.600000,-0.797627,-0.627272,0.390656,-0.600000,0.600000,0.768744,0.600000,0.600000,0.765161,0.600000,-0.042508,-0.615648,-0.627272,-0.600000,-0.042508,-0.910370,-0.966608,0.694400,-0.627272,0.600000,0.600000,0.600000,0.718269,-0.600000,-0.181572,0.406242,-0.337439,-0.468930,-0.766956,-0.600000,-0.600000,-0.602399,-0.572122,0.600000,0.406242,-0.766956,-0.358987,0.181572,-0.600000
44,0,0,0,0,W,0,27,21,1,-0.067365,0.600000,0.600000,-0.600000,1.000000,-0.911589,-0.600000,-0.547815,-0.759734,0.467684,-0.766956,-0.467684,-0.723306,0.600000,0.600000,0.600000,-0.600000,0.600000,-0.723306,-0.766956,-0.449097,-0.683775,-0.600000,-0.780109,-0.227002,-0.179350,-0.968951,-0.600000,-0.618012,-0.600000,-0.600000,-0.600000,-0.799239,-0.627272,0.388277,-0.600000,0.600000,0.768744,0.600000,0.600000,0.765161,0.600000,-0.039742,-0.618012,-0.627272,-0.600000,-0.039742,-0.911589,-0.968648,0.695461,-0.627272,0.600000,0.600000,0.600000,0.719281,-0.600000,-0.179350,0.406242,-0.335205,-0.467684,-0.766956,-0.600000,-0.600000,-0.602399,-0.572122,0.600000,0.406242,-0.766956,-0.356686,0.179350,-0.600000
45,0,0,0,0,W,0,25,22,1,-0.061915,0.600000,0.600000,-0.600000,1.000000,-0.913587,-0.600000,-0.547816,-0.762465,0.465195,-0.766956,-0.465195,-0.725305,0.600000,0.600000,0.600000,-0.600000,0.600000,-0.725305,-0.766956,-0.442919,-0.681610,-0.600000,-0.782675,-0.222639,-0.175694,-0.971553,-0.600000,-0.621549,-0.600000,-0.600000,-0.600000,-0.802434,-0.627272,0.384718,-0.600000,0.600000,0.768744,0.600000,0.600000,0.765161,0.600000,-0.036088,-0.621549,-0.627272,-0.600000,-0.036088,-0.913587,-0.971275,0.697577,-0.627272,0.600000,0.600000,0.600000,0.721298,-0.600000,-0.175694,0.406242,-0.330759,-0.465195,-0.766956,-0.600000,-0.600000,-0.602399,-0.572122,0.600000,0.406242,-0.766956,-0.353246,0.175694,-0.600000
46,0,0,0,0,S,0,23,23,1,-0.057418,0.600000,0.600000,-0.600000,1.000000,-0.915931,-0.600000,-0.547817,-0.766073,0.462708,-0.766956,-0.462708,-0.727295,0.600000,0.600000,0.600000,-0.600000,0.600000,-0.727295,-0.766956,-0.435527,-0.679438,-0.600000,-0.786063,-0.217483,-0.171385,-0.973688,-0.600000,-0.626245,-0.600000,-0.600000,-0.600000,-0.805590,-0.627272,0.379992,-0.600000,0.600000,0.768744,0.600000,0.600000,0.765161,0.600000,-0.033078,-0.626245,-0.627272,-0.600000,-0.033078,-0.915931,-0.973430,0.699685,-0.627272,0.600000,0.600000,0.600000,0.723306,-0.600000,-0.171385,0.406242,-0.326344,-0.462708,-0.766956,-0.600000,-0.600000,-0.602399,-0.572122,0.600000,0.406242,-0.766956,-0.348683,0.171385,-0.600000
47,0,0,0,1,S,0,21,24,1,-0.053993,0.600000,0.600000,-0.600000,1.000000,-0.916700,-0.600000,-0.549056,-0.763380,0.462708,-0.766956,-0.462708,-0.728287,0.600000,0.600000,0.600000,-0.600000,0.600000,-0.728287,-0.766956,-0.434298,-0.676165,-0.600000,-0.786904,-0.216632,-0.169967,-0.975307,-0.600000,-0.627415,-0.600000,-0.600000,-0.600000,-0.808708,-0.631939,0.378814,-0.600000,0.600000,0.768744,0.600000,0.600000,0.765161,0.600000,-0.030906,-0.627415,-0.631939,-0.600000,-0.030906,-0.916700,-0.975064,0.702830,-0.631939,0.600000,0.600000,0.600000,0.723306,-0.600000,-0.169967,0.406242,-0.325244,-0.462708,-0.766956,-0.600000,-0.600000,-0.602399,-0.567221,0.600000,0.406242,-0.766956,-0.349815,0.169967,-0.600000
48,0,0,0,0,W,0,19,25,1,-0.050760,0.600000,0.600000,-0.600000,1.000000,-0.918593,-0.600000,-0.556475,-0.768763,0.462708,-0.767850,-0.462708,-0.736138,0.600000,0.600000,0.600000,-0.600000,0.600000,-0.736138,-0.767850,-0.428163,-0.677260,-0.600000,-0.791898,-0.209912,-0.166463,-0.976828,-0.600000,-0.633246,-0.600000,-0.600000,-0.600000,-0.814829,-0.631939,0.371777,-0.600000,0.600000,0.769632,0.600000,0.600000,0.766060,0.600000,-0.027900,-0.633246,-0.631939,-0.600000,-0.027900,-0.918593,-0.976600,0.702830,-0.631939,0.600000,0.600000,0.600000,0.723306,-0.600000,-0.166463,0.405036,-0.316520,-0.462708,-0.767850,-0.600000,-0.600000,-0.602399,-0.567221,0.600000,0.405036,-0.767850,-0.334045,0.166463,-0.600000
49,0,0,0,0,stay,1,29,25,1,-0.047940,0.600000,0.600000,-0.600000,1.000000,-0.920447,-0.600000,-0.557710,-0.772304,0.460222,-0.768741,-0.460222,-0.738079,0.600000,0.600000,0.600000,-0.600000,0.600000,-0.738079,-0.768741,-0.422051,-0.676169,-0.600000,-0.795179,-0.205790,-0.163018,-0.978151,-0.600000,-0.636725,-0.600000,-0.600000,-0.600000,-0.817832,-0.631939,0.367115,-0.600000,0.600000,0.770519,0.600000,0.600000,0.766956,0.600000,-0.026059,-0.636725,-0.631939,-0.600000,-0.026059,-0.920447,-0.977936,0.704917,-0.631939,0.600000,0.600000,0.600000,0.725305,-0.600000,-0.163018,0.403831,-0.312206,-0.460222,-0.768741,-0.600000,-0.600000,-0.602399,-0.567221,0.600000,0.403831,-0.768741,-0.329601,0.163018,-0.600000
50,0,0,1,0,S,0,27,26,1,-0.044837,0.600000,0.600000,-0.600000,1.000000,-0.921177,-0.600000,-0.558943,-0.773184,0.458980,-0.774913,-0.458980,-0.739045,0.600000,0.600000,0.600000,-0.600000,0.600000,-0.739045,-0.774913,-0.428158,-0.682709,-0.600000,-0.795994,-0.204972,-0.161655,-0.979601,-0.600000,-0.629764,-0.600000,-0.600000,-0.600000,-0.819320,-0.631939,0.365953,-0.600000,0.600000,0.776657,0.600000,0.600000,0.773161,0.600000,-0.024217,-0.629764,-0.631939,-0.600000,-0.024217,-0.921177,-0.979400,0.705957,-0.631939,0.600000,0.600000,0.600000,0.726301,-0.600000,-0.161655,0.395430,-0.310060,-0.458980,-0.774913,-0.600000,-0.600000,-0.602399,-0.567221,0.600000,0.395430,-0.774913,-0.328495,0.161655,-0.600000
51,0,1,1,1,S,0,25,27,1,-0.042535,0.600000,0.600000,-0.600000,1.000000,-0.922977,-0.600000,-0.562643,-0.775812,0.458980,-0.778387,-0.458980,-0.745746,0.600000,0.600000,0.600000,-0.600000,0.600000,-0.745746,-0.778387,-0.426933,-0.685954,-0.600000,-0.800029,-0.197726,-0.158290,-0.980674,-0.600000,-0.630931,-0.600000,-0.600000,-0.600000,-0.825175,-0.634263,0.360168,-0.600000,0.600000,0.780112,0.600000,0.600000,0.776655,0.600000,-0.022172,-0.630931,-0.634263,-0.600000,-0.022172,-0.922977,-0.980484,0.706995,-0.634263,0.600000,0.600000,0.600000,0.726301,-0.600000,-0.158290,0.390656,-0.302616,-0.458980,-0.778387,-0.600000,-0.600000,-0.602399,-0.564765,0.600000,0.390656,-0.778387,-0.316457,0.158290,-0.600000
52,0,1,1,1,stay,1,29,27,1,-0.039009,0.600000,0.600000,-0.600000,1.000000,-0.926123,-0.600000,-0.555252,-0.774072,0.455257,-0.786904,-0.455257,-0.746695,0.600000,0.600000,0.600000,-0.600000,0.600000,-0.746695,-0.786904,-0.430603,-0.690251,-0.600000,-0.803215,-0.189133,-0.152376,-0.982312,-0.600000,-0.623928,-0.600000,-0.600000,-0.600000,-0.830175,-0.641199,0.355569,-0.600000,0.600000,0.788581,0.600000,0.600000,0.785219,0.600000,-0.020199,-0.623928,-0.641199,-0.600000,-0.020199,-0.926123,-0.982137,0.713177,-0.641199,0.600000,0.600000,0.600000,0.729276,-0.600000,-0.152376,0.378814,-0.298408,-0.455257,-0.786904,-0.600000,-0.600000,-0.602399,-0.557380,0.600000,0.378814,-0.786904,-0.317526,0.152376,-0.600000
53,0,0,1,1,S,0,27,28,1,-0.036639,0.600000,0.600000,-0.600000,1.000000,-0.927145,-0.600000,-0.565111,-0.769681,0.452778,-0.795179,-0.452778,-0.755122,0.600000,0.600000,0.600000,-0.600000,0.600000,-0.755122,-0.795179,-0.436739,-0.698745,-0.600000,-0.805578,-0.186080,-0.150446,-0.983409,-0.600000,-0.615687,-0.600000,-0.600000,-0.600000,-0.837802,-0.650355,0.352137,-0.600000,0.600000,0.796808,0.600000,0.600000,0.793544,0.600000,-0.018127,-0.615687,-0.650355,-0.600000,-0.018127,-0.927145,-0.983245,0.715220,-0.650355,0.600000,0.600000,0.600000,0.731248,-0.600000,-0.150446,0.367115,-0.287010,-0.452778,-0.795179,-0.600000,-0.600000,-0.602399,-0.547493,0.600000,0.367115,-0.795179,-0.306775,0.150446,-0.600000
54,0,0,1,1,stay,1,29,28,1,-0.034742,0.600000,0.600000,-0.600000,1.000000,-0.927819,-0.600000,-0.566340,-0.765226,0.452778,-0.798422,-0.452778,-0.756046,0.600000,0.600000,0.600000,-0.600000,0.600000,-0.756046,-0.798422,-0.441664,-0.698750,-0.600000,-0.805578,-0.186080,-0.149170,-0.984285,-0.600000,-0.610946,-0.600000,-0.600000,-0.600000,-0.841176,-0.656023,0.352137,-0.600000,0.600000,0.800032,0.600000,0.600000,0.796806,0.600000,-0.017087,-0.610946,-0.656023,-0.600000,-0.017087,-0.927819,-0.984130,0.719281,-0.656023,0.600000,0.600000,0.600000,0.731248,-0.600000,-0.149170,0.362477,-0.285987,-0.452778,-0.798422,-0.600000,-0.600000,-0.602399,-0.541293,0.600000,0.362477,-0.798422,-0.309969,0.149170,-0.600000
55,1,0,0,1,W,0,27,29,1,-0.032780,0.600000,0.600000,-0.600000,1.000000,-0.931103,-0.600000,-0.573697,-0.767916,0.449063,-0.799227,-0.449063,-0.761544,0.600000,0.600000,0.600000,-0.600000,0.600000,-0.761544,-0.799227,-0.434277,-0.696645,-0.600000,-0.808696,-0.183065,-0.142924,-0.985189,-0.600000,-0.614508,-0.600000,-0.600000,-0.600000,-0.847108,-0.657151,0.347584,-0.600000,0.600000,0.800832,0.600000,0.600000,0.797615,0.600000,-0.015633,-0.614508,-0.657151,-0.600000,-0.015633,-0.931103,-0.985042,0.722303,-0.657151,0.600000,0.600000,0.600000,0.734189,-0.600000,-0.142924,0.361322,-0.276875,-0.449063,-0.799227,-0.600000,-0.600000,-0.602399,-0.540052,0.600000,0.361322,-0.799227,-0.302516,0.142924,-0.600000
56,1,0,0,1,stay,1,29,29,1,-0.030331,0.600000,0.600000,-0.600000,1.000000,-0.934556,-0.600000,-0.574921,-0.769695,0.445354,-0.799227,-0.445354,-0.762452,0.600000,0.600000,0.600000,-0.600000,0.600000,-0.762452,-0.799227,-0.426919,-0.688134,-0.600000,-0.811010,-0.180829,-0.136306,-0.986315,-0.600000,-0.618057,-0.600000,-0.600000,-0.600000,-0.852856,-0.658277,0.344188,-0.600000,0.600000,0.800832,0.600000,0.600000,0.797615,0.600000,-0.014375,-0.618057,-0.658277,-0.600000,-0.014375,-0.934556,-0.986179,0.730263,-0.658277,0.600000,0.600000,0.600000,0.737110,-0.600000,-0.136306,0.361322,-0.272885,-0.445354,-0.799227,-0.600000,-0.600000,-0.602399,-0.538810,0.600000,0.361322,-0.799227,-0.306738,0.136306,-0.600000
57,0,0,0,1,W,0,27,30,1,-0.028751,0.600000,0.600000,-0.600000,1.000000,-0.936072,-0.600000,-0.583457,-0.772352,0.444119,-0.801627,-0.444119,-0.770516,0.600000,0.600000,0.600000,-0.600000,0.600000,-0.770516,-0.801627,-0.423249,-0.688138,-0.600000,-0.814818,-0.175694,-0.133384,-0.987039,-0.600000,-0.620420,-0.600000,-0.600000,-0.600000,-0.860242,-0.660525,0.338562,-0.600000,0.600000,0.803217,0.600000,0.600000,0.800029,0.600000,-0.013019,-0.620420,-0.660525,-0.600000,-0.013019,-0.936072,-0.986911,0.733211,-0.660525,0.600000,0.600000,0.600000,0.738079,-0.600000,-0.133384,0.357865,-0.263064,-0.444119,-0.801627,-0.600000,-0.600000,-0.602399,-0.536324,0.600000,0.357865,-0.801627,-0.295142,0.133384,-0.600000
58,0,0,0,1,stay,1,29,30,1,-0.026986,0.600000,0.600000,-0.600000,1.000000,-0.937261,-0.600000,-0.585886,-0.771478,0.442884,-0.802422,-0.442884,-0.771400,0.600000,0.600000,0.600000,-0.600000,0.600000,-0.771400,-0.802422,-0.419590,-0.683836,-0.600000,-0.817074,-0.174248,-0.131085,-0.987847,-0.600000,-0.622774,-0.600000,-0.600000,-0.600000,-0.863816,-0.664999,0.335209,-0.600000,0.600000,0.804007,0.600000,0.600000,0.800829,0.600000,-0.012148,-0.622774,-0.664999,-0.600000,-0.012148,-0.937261,-0.987726,0.738079,-0.664999,0.600000,0.600000,0.600000,0.739045,-0.600000,-0.131085,0.356716,-0.261127,-0.442884,-0.802422,-0.600000,-0.600000,-0.602399,-0.531348,0.600000,0.356716,-0.802422,-0.296172,0.131085,-0.600000
59,0,0,1,0,W,0,27,31,1,-0.026080,0.600000,0.600000,-0.600000,1.000000,-0.938430,-0.600000,-0.599176,-0.776731,0.441650,-0.809470,-0.441650,-0.778387,0.600000,0.600000,0.600000,-0.600000,0.600000,-0.778387,-0.809470,-0.422026,-0.692428,-0.600000,-0.821522,-0.172097,-0.128820,-0.988261,-0.600000,-0.619247,-0.600000,-0.600000,-0.600000,-0.869033,-0.664999,0.328551,-0.600000,0.600000,0.811012,0.600000,0.600000,0.807921,0.600000,-0.011277,-0.619247,-0.664999,-0.600000,-0.011277,-0.938430,-0.988144,0.739045,-0.664999,0.600000,0.600000,0.600000,0.740009,-0.600000,-0.128820,0.346450,-0.252528,-0.441650,-0.809470,-0.600000,-0.600000,-0.602399,-0.531348,0.600000,0.346450,-0.809470,-0.282775,0.128820,-0.600000
60,0,0,1,0,stay,1,29,31,1,-0.024356,0.600000,0.600000,-0.600000,1.000000,-0.939578,-0.600000,-0.600377,-0.778463,0.440417,-0.814818,-0.440417,-0.779249,0.600000,0.600000,0.600000,-0.600000,0.600000,-0.779249,-0.814818,-0.426910,-0.698786,-0.600000,-0.822986,-0.170675,-0.126588,-0.989048,-0.600000,-0.613339,-0.600000,-0.600000,-0.600000,-0.870169,-0.664999,0.326347,-0.600000,0.600000,0.816327,0.600000,0.600000,0.813302,0.600000,-0.010469,-0.613339,-0.664999,-0.600000,-0.010469,-0.939578,-0.988939,0.740009,-0.664999,0.600000,0.600000,0.600000,0.740971,-0.600000,-0.126588,0.338562,-0.250643,-0.440417,-0.814818,-0.600000,-0.600000,-0.602399,-0.531348,0.600000,0.338562,-0.814818,-0.280745,0.126588,-0.600000
61,0,0,1,0,W,0,27,32,1,-0.022411,0.600000,0.600000,-0.600000,1.000000,-0.939861,-0.600000,-0.601576,-0.779325,0.440417,-0.819309,-0.440417,-0.780109,0.600000,0.600000,0.600000,-0.600000,0.600000,-0.780109,-0.819309,-0.433034,-0.705069,-0.600000,-0.823715,-0.169967,-0.126035,-0.989933,-0.600000,-0.607398,-0.600000,-0.600000,-0.600000,-0.870734,-0.664999,0.325248,-0.600000,0.600000,0.820789,0.600000,0.600000,0.817821,0.600000,-0.009574,-0.607398,-0.664999,-0.600000,-0.009574,-0.939861,-0.989833,0.740009,-0.664999,0.600000,0.600000,0.600000,0.740971,-0.600000,-0.126035,0.331872,-0.249704,-0.440417,-0.819309,-0.600000,-0.600000,-0.602399,-0.531348,0.600000,0.331872,-0.819309,-0.278728,0.126035,-0.600000
62,1,0,0,0,W,0,25,33,1,-0.021027,0.600000,0.600000,-0.600000,1.000000,-0.942632,-0.600000,-0.601579,-0.781897,0.435493,-0.819309,-0.435493,-0.780109,0.600000,0.600000,0.600000,-0.600000,0.600000,-0.780109,-0.819309,-0.424459,-0.698798,-0.600000,-0.825886,-0.167858,-0.120620,-0.990563,-0.600000,-0.610971,-0.600000,-0.600000,-0.600000,-0.874080,-0.664999,0.321962,-0.600000,0.600000,0.820789,0.600000,0.600000,0.817821,0.600000,-0.008976,-0.610971,-0.664999,-0.600000,-0.008976,-0.942632,-0.990468,0.745746,-0.664999,0.600000,0.600000,0.600000,0.744796,-0.600000,-0.120620,0.331872,-0.245971,-0.435493,-0.819309,-0.600000,-0.600000,-0.602399,-0.531348,0.600000,0.331872,-0.819309,-0.281746,0.120620,-0.600000
63,1,0,0,0,W,0,23,34,1,-0.018874,0.600000,0.600000,-0.600000,1.000000,-0.946564,-0.600000,-0.601581,-0.783600,0.428130,-0.819309,-0.428130,-0.780109,0.600000,0.600000,0.600000,-0.600000,0.600000,-0.780109,-0.819309,-0.414714,-0.688181,-0.600000,-0.827321,-0.166463,-0.112874,-0.991540,-0.600000,-0.613347,-0.600000,-0.600000,-0.600000,-0.879491,-0.664999,0.319781,-0.600000,0.600000,0.820789,0.600000,0.600000,0.817821,0.600000,-0.008046,-0.613347,-0.664999,-0.600000,-0.008046,-0.946564,-0.991455,0.755122,-0.664999,0.600000,0.600000,0.600000,0.750463,-0.600000,-0.112874,0.331872,-0.240442,-0.428130,-0.819309,-0.600000,-0.600000,-0.602399,-0.531348,0.600000,0.331872,-0.819309,-0.289897,0.112874,-0.600000
64,1,0,0,0,E,0,21,33,1,-0.017020,0.600000,0.600000,-0.600000,1.000000,-0.950713,-0.600000,-0.600388,-0.787815,0.419580,-0.819309,-0.419580,-0.780967,0.600000,0.600000,0.600000,-0.600000,0.600000,-0.780967,-0.819309,-0.400221,-0.679542,-0.600000,-0.830870,-0.161655,-0.104623,-0.992378,-0.600000,-0.619262,-0.600000,-0.600000,-0.600000,-0.884188,-0.664999,0.314362,-0.600000,0.600000,0.820789,0.600000,0.600000,0.817821,0.600000,-0.007212,-0.619262,-0.664999,-0.600000,-0.007212,-0.950713,-0.992302,0.762452,-0.664999,0.600000,0.600000,0.600000,0.756968,-0.600000,-0.104623,0.331872,-0.233204,-0.419580,-0.819309,-0.600000,-0.600000,-0.602399,-0.531348,0.600000,0.331872,-0.819309,-0.291945,0.104623,-0.600000
65,0,0,1,0,E,0,19,32,1,-0.015652,0.600000,0.600000,-0.600000,1.000000,-0.952558,-0.600000,-0.599195,-0.792794,0.411078,-0.826605,-0.411078,-0.780967,0.600000,0.600000,0.600000,-0.600000,0.600000,-0.780967,-0.826605,-0.396617,-0.683887,-0.600000,-0.835051,-0.156960,-0.100927,-0.992997,-0.600000,-0.614546,-0.600000,-0.600000,-0.600000,-0.887231,-0.664999,0.307927,-0.600000,0.600000,0.828038,0.600000,0.600000,0.825164,0.600000,-0.006627,-0.614546,-0.664999,-0.600000,-0.006627,-0.952558,-0.992926,0.767850,-0.664999,0.600000,0.600000,0.600000,0.763357,-0.600000,-0.100927,0.320870,-0.226995,-0.411078,-0.826605,-0.600000,-0.600000,-0.602399,-0.531348,0.600000,0.320870,-0.826605,-0.291932,0.100927,-0.600000
66,0,0,1,0,E,0,17,31,1,-0.015046,0.600000,0.600000,-0.600000,1.000000,-0.952784,-0.600000,-0.599195,-0.792794,0.409867,-0.832273,-0.409867,-0.780967,0.600000,0.600000,0.600000,-0.600000,0.600000,-0.780967,-0.832273,-0.405019,-0.691412,-0.600000,-0.835051,-0.156960,-0.100473,-0.993270,-0.600000,-0.605034,-0.600000,-0.600000,-0.600000,-0.887731,-0.664999,0.307927,-0.600000,0.600000,0.833668,0.600000,0.600000,0.830870,0.600000,-0.006368,-0.605034,-0.664999,-0.600000,-0.006368,-0.952784,-0.993203,0.768741,-0.664999,0.600000,0.600000,0.600000,0.764261,-0.600000,-0.100473,0.312209,-0.226118,-0.409867,-0.832273,-0.600000,-0.600000,-0.602399,-0.531348,0.600000,0.312209,-0.832273,-0.292965,0.100473,-0.600000
67,0,0,1,0,W,0,15,32,1,-0.013563,0.600000,0.600000,-0.600000,1.000000,-0.953009,-0.600000,-0.599196,-0.793616,0.409867,-0.832970,-0.409867,-0.780967,0.600000,0.600000,0.600000,-0.600000,0.600000,-0.780967,-0.832970,-0.405018,-0.692479,-0.600000,-0.835739,-0.156299,-0.100022,-0.993938,-0.600000,-0.605035,-0.600000,-0.600000,-0.600000,-0.887731,-0.664999,0.306861,-0.600000,0.600000,0.834362,0.600000,0.600000,0.831572,0.600000,-0.005735,-0.605035,-0.664999,-0.600000,-0.005735,-0.953009,-0.993878,0.768741,-0.664999,0.600000,0.600000,0.600000,0.764261,-0.600000,-0.100022,0.311135,-0.226118,-0.409867,-0.832970,-0.600000,-0.600000,-0.602399,-0.531348,0.600000,0.311135,-0.832970,-0.291930,0.100022,-0.600000
68,0,0,1,0,E,0,13,31,1,-0.012285,0.600000,0.600000,-0.600000,1.000000,-0.953456,-0.600000,-0.600397,-0.794434,0.408658,-0.835051,-0.408658,-0.781822,0.600000,0.600000,0.600000,-0.600000,0.600000,-0.781822,-0.835051,-0.406220,-0.694608,-0.600000,-0.836426,-0.155639,-0.099123,-0.994513,-0.600000,-0.602646,-0.600000,-0.600000,-0.600000,-0.888726,-0.664999,0.305798,-0.600000,0.600000,0.836428,0.600000,0.600000,0.833666,0.600000,-0.005165,-0.602646,-0.664999,-0.600000,-0.005165,-0.953456,-0.994458,0.769630,-0.664999,0.600000,0.600000,0.600000,0.765161,-0.600000,-0.099123,0.307927,-0.224371,-0.408658,-0.835051,-0.600000,-0.600000,-0.602399,-0.531348,0.600000,0.307927,-0.835051,-0.290894,0.099123,-0.600000
69,0,0,0,0,N,0,11,30,1,-0.011017,0.600000,0.600000,-0.600000,1.000000,-0.953898,-0.600000,-0.600397,-0.794434,0.408658,-0.835051,-0.408658,-0.781822,0.600000,0.600000,0.600000,-0.600000,0.600000,-0.781822,-0.835051,-0.406220,-0.693547,-0.600000,-0.836426,-0.155639,-0.098232,-0.995083,-0.600000,-0.602646,-0.600000,-0.600000,-0.600000,-0.889220,-0.664999,0.305798,-0.600000,0.600000,0.836428,0.600000,0.600000,0.833666,0.600000,-0.004628,-0.602646,-0.664999,-0.600000,-0.004628,-0.953898,-0.995034,0.770516,-0.664999,0.600000,0.600000,0.600000,0.765161,-0.600000,-0.098232,0.307927,-0.224371,-0.408658,-0.835051,-0.600000,-0.600000,-0.602399,-0.531348,0.600000,0.307927,-0.835051,-0.291926,0.098232,-0.600000
70,0,0,0,1,N,0,9,29,1,-0.010329,0.600000,0.600000,-0.600000,1.000000,-0.953898,-0.600000,-0.600397,-0.790328,0.408658,-0.835051,-0.408658,-0.781822,0.600000,0.600000,0.600000,-0.600000,0.600000,-0.781822,-0.835051,-0.406220,-0.690353,-0.600000,-0.836426,-0.155639,-0.098232,-0.995392,-0.600000,-0.602646,-0.600000,-0.600000,-0.600000,-0.890692,-0.670550,0.305798,-0.600000,0.600000,0.836428,0.600000,0.600000,0.833666,0.600000,-0.004338,-0.602646,-0.670550,-0.600000,-0.004338,-0.953898,-0.995346,0.773161,-0.670550,0.600000,0.600000,0.600000,0.765161,-0.600000,-0.098232,0.307927,-0.224371,-0.408658,-0.835051,-0.600000,-0.600000,-0.602399,-0.525119,0.600000,0.307927,-0.835051,-0.295033,0.098232,-0.600000
71,0,0,0,1,W,0,7,30,1,-0.009588,0.600000,0.600000,-0.600000,1.000000,-0.953898,-0.600000,-0.609959,-0.785323,0.408658,-0.835051,-0.408658,-0.787742,0.600000,0.600000,0.600000,-0.600000,0.600000,-0.787742,-0.835051,-0.405014,-0.690353,-0.600000,-0.837110,-0.155639,-0.098232,-0.995724,-0.600000,-0.603843,-0.600000,-0.600000,-0.600000,-0.894060,-0.678242,0.304736,-0.600000,0.600000,0.836428,0.600000,0.600000,0.833666,0.600000,-0.003886,-0.603843,-0.678242,-0.600000,-0.003886,-0.953898,-0.995682,0.773161,-0.678242,0.600000,0.600000,0.600000,0.765161,-0.600000,-0.098232,0.307927,-0.218330,-0.408658,-0.835051,-0.600000,-0.600000,-0.602399,-0.516385,0.600000,0.307927,-0.835051,-0.286773,0.098232,-0.600000
72,0,0,0,1,stay,1,29,30,1,-0.008944,0.600000,0.600000,-0.600000,1.000000,-0.954337,-0.600000,-0.609961,-0.781086,0.408658,-0.835051,-0.408658,-0.789412,0.600000,0.600000,0.600000,-0.600000,0.600000,-0.789412,-0.835051,-0.403809,-0.686066,-0.600000,-0.837791,-0.153675,-0.097348,-0.996013,-0.600000,-0.605039,-0.600000,-0.600000,-0.600000,-0.896873,-0.684759,0.303677,-0.600000,0.600000,0.836428,0.600000,0.600000,0.833666,0.600000,-0.003587,-0.605039,-0.684759,-0.600000,-0.003587,-0.954337,-0.995973,0.776655,-0.684759,0.600000,0.600000,0.600000,0.765161,-0.600000,-0.097348,0.307927,-0.216626,-0.408658,-0.835051,-0.600000,-0.600000,-0.602399,-0.508891,0.600000,0.307927,-0.835051,-0.287789,0.097348,-0.600000
73,0,0,1,0,W,0,27,31,1,-0.008596,0.600000,0.600000,-0.600000,1.000000,-0.955417,-0.600000,-0.621795,-0.787021,0.408658,-0.842500,-0.408658,-0.796806,0.600000,0.600000,0.600000,-0.600000,0.600000,-0.796806,-0.842500,-0.408631,-0.697800,-0.600000,-0.842500,-0.149807,-0.095169,-0.996169,-0.600000,-0.600252,-0.600000,-0.600000,-0.600000,-0.900970,-0.684759,0.296320,-0.600000,0.600000,0.843826,0.600000,0.600000,0.841166,0.600000,-0.003295,-0.600252,-0.684759,-0.600000,-0.003295,-0.955417,-0.996131,0.776655,-0.684759,0.600000,0.600000,0.600000,0.765161,-0.600000,-0.095169,0.296320,-0.209076,-0.408658,-0.842500,-0.600000,-0.600000,-0.602399,-0.508891,0.600000,0.296320,-0.842500,-0.271646,0.095169,-0.600000
74,0,0,1,0,stay,1,29,31,1,-0.008138,0.600000,0.600000,-0.600000,1.000000,-0.956053,-0.600000,-0.622973,-0.788694,0.407449,-0.849673,-0.407449,-0.798422,0.600000,0.600000,0.600000,-0.600000,0.600000,-0.798422,-0.849673,-0.418325,-0.708249,-0.600000,-0.843824,-0.147903,-0.093882,-0.996374,-0.600000,-0.589415,-0.600000,-0.600000,-0.600000,-0.902303,-0.684759,0.294237,-0.600000,0.600000,0.850950,0.600000,0.600000,0.848389,0.600000,-0.003088,-0.589415,-0.684759,-0.600000,-0.003088,-0.956053,-0.996337,0.777522,-0.684759,0.600000,0.600000,0.600000,0.766060,-0.600000,-0.093882,0.284970,-0.206603,-0.407449,-0.849673,-0.600000,-0.600000,-0.602399,-0.508891,0.600000,0.284970,-0.849673,-0.268680,0.093882,-0.600000
75,1,0,1,0,W,0,27,32,1,-0.007629,0.600000,0.600000,-0.600000,1.000000,-0.957909,-0.600000,-0.622976,-0.790358,0.400224,-0.853472,-0.400224,-0.798422,0.600000,0.600000,0.600000,-0.600000,0.600000,-0.798422,-0.853472,-0.415892,-0.709284,-0.600000,-0.845140,-0.146645,-0.090116,-0.996602,-0.600000,-0.584571,-0.600000,-0.600000,-0.600000,-0.904489,-0.684759,0.292162,-0.600000,0.600000,0.854722,0.600000,0.600000,0.852215,0.600000,-0.002893,-0.584571,-0.684759,-0.600000,-0.002893,-0.957909,-0.996568,0.781822,-0.684759,0.600000,0.600000,0.600000,0.771400,-0.600000,-0.090116,0.278890,-0.201721,-0.400224,-0.853472,-0.600000,-0.600000,-0.602399,-0.508891,0.600000,0.278890,-0.853472,-0.271630,0.090116,-0.600000
76,1,0,0,0,W,0,25,33,1,-0.007115,0.600000,0.600000,-0.600000,1.000000,-0.960268,-0.600000,-0.624154,-0.793658,0.395430,-0.853472,-0.395430,-0.799227,0.600000,0.600000,0.600000,-0.600000,0.600000,-0.799227,-0.853472,-0.406203,-0.703066,-0.600000,-0.847744,-0.144155,-0.085306,-0.996831,-0.600000,-0.589421,-0.600000,-0.600000,-0.600000,-0.907476,-0.684759,0.288039,-0.600000,0.600000,0.854722,0.600000,0.600000,0.852215,0.600000,-0.002684,-0.589421,-0.684759,-0.600000,-0.002684,-0.960268,-0.996800,0.786904,-0.684759,0.600000,0.600000,0.600000,0.774913,-0.600000,-0.085306,0.278890,-0.197720,-0.395430,-0.853472,-0.600000,-0.600000,-0.602399,-0.508891,0.600000,0.278890,-0.853472,-0.272610,0.085306,-0.600000
77,0,1,0,1,S,0,23,34,1,-0.006670,0.600000,0.600000,-0.600000,1.000000,-0.961026,-0.600000,-0.614731,-0.790368,0.395430,-0.853472,-0.395430,-0.799227,0.600000,0.600000,0.600000,-0.600000,0.600000,-0.799227,-0.853472,-0.406203,-0.697826,-0.600000,-0.847744,-0.139282,-0.083755,-0.997031,-0.600000,-0.589421,-0.600000,-0.600000,-0.600000,-0.909558,-0.689064,0.288039,-0.600000,0.600000,0.854722,0.600000,0.600000,0.852215,0.600000,-0.002515,-0.589421,-0.689064,-0.600000,-0.002515,-0.961026,-0.997001,0.791072,-0.689064,0.600000,0.600000,0.600000,0.774913,-0.600000,-0.083755,0.278890,-0.197720,-0.395430,-0.853472,-0.600000,-0.600000,-0.602399,-0.503892,0.600000,0.278890,-0.853472,-0.277590,0.083755,-0.600000
78,0,0,0,1,W,0,21,35,1,-0.006159,0.600000,0.600000,-0.600000,1.000000,-0.961770,-0.600000,-0.621818,-0.790378,0.395430,-0.853472,-0.395430,-0.805578,0.600000,0.600000,0.600000,-0.600000,0.600000,-0.805578,-0.853472,-0.401386,-0.696771,-0.600000,-0.850312,-0.135718,-0.082230,-0.997259,-0.600000,-0.594255,-0.600000,-0.600000,-0.600000,-0.913200,-0.693337,0.283951,-0.600000,0.600000,0.854722,0.600000,0.600000,0.852215,0.600000,-0.002231,-0.594255,-0.693337,-0.600000,-0.002231,-0.961770,-0.997231,0.791898,-0.693337,0.600000,0.600000,0.600000,0.774913,-0.600000,-0.082230,0.278890,-0.191442,-0.395430,-0.853472,-0.600000,-0.600000,-0.602399,-0.498892,0.600000,0.278890,-0.853472,-0.266675,0.082230,-0.600000
79,0,0,0,1,stay,1,29,35,1,-0.005687,0.600000,0.600000,-0.600000,1.000000,-0.962500,-0.600000,-0.621820,-0.787890,0.395430,-0.853472,-0.395430,-0.806362,0.600000,0.600000,0.600000,-0.600000,0.600000,-0.806362,-0.853472,-0.398984,-0.693596,-0.600000,-0.851583,-0.133965,-0.080730,-0.997470,-0.600000,-0.596665,-0.600000,-0.600000,-0.600000,-0.914775,-0.698632,0.281920,-0.600000,0.600000,0.854722,0.600000,0.600000,0.852215,0.600000,-0.002049,-0.596665,-0.698632,-0.600000,-0.002049,-0.962500,-0.997444,0.794363,-0.698632,0.600000,0.600000,0.600000,0.774913,-0.600000,-0.080730,0.278890,-0.190668,-0.395430,-0.853472,-0.600000,-0.600000,-0.602399,-0.492642,0.600000,0.278890,-0.853472,-0.266666,0.080730,-0.600000
80,0,0,0,0,W,0,27,36,1,-0.005357,0.600000,0.600000,-0.600000,1.000000,-0.963571,-0.600000,-0.627685,-0.792868,0.394235,-0.854097,-0.394235,-0.811010,0.600000,0.600000,0.600000,-0.600000,0.600000,-0.811010,-0.854097,-0.391809,-0.693598,-0.600000,-0.855341,-0.129948,-0.078527,-0.997617,-0.600000,-0.602669,-0.600000,-0.600000,-0.600000,-0.917470,-0.698632,0.275880,-0.600000,0.600000,0.855343,0.600000,0.600000,0.852844,0.600000,-0.001872,-0.602669,-0.698632,-0.600000,-0.001872,-0.963571,-0.997593,0.795179,-0.698632,0.600000,0.600000,0.600000,0.775785,-0.600000,-0.078527,0.277884,-0.185317,-0.394235,-0.854097,-0.600000,-0.600000,-0.602399,-0.492642,0.600000,0.277884,-0.854097,-0.256026,0.078527,-0.600000
81,0,1,1,0,W,0,25,37,1,-0.004897,0.600000,0.600000,-0.600000,1.000000,-0.965290,-0.600000,-0.610012,-0.795324,0.393041,-0.856576,-0.393041,-0.811776,0.600000,0.600000,0.600000,-0.600000,0.600000,-0.811776,-0.856576,-0.391806,-0.696780,-0.600000,-0.857190,-0.119561,-0.074977,-0.997822,-0.600000,-0.601475,-0.600000,-0.600000,-0.600000,-0.918226,-0.698632,0.272890,-0.600000,0.600000,0.857804,0.600000,0.600000,0.855341,0.600000,-0.001702,-0.601475,-0.698632,-0.600000,-0.001702,-0.965290,-0.997800,0.795994,-0.698632,0.600000,0.600000,0.600000,0.776655,-0.600000,-0.074977,0.273884,-0.183810,-0.393041,-0.856576,-0.600000,-0.600000,-0.602399,-0.492642,0.600000,0.273884,-0.856576,-0.253171,0.074977,-0.600000
82,0,0,0,0,N,0,23,36,1,-0.004388,0.600000,0.600000,-0.600000,1.000000,-0.965457,-0.600000,-0.608823,-0.795324,0.393041,-0.856576,-0.393041,-0.811776,0.600000,0.600000,0.600000,-0.600000,0.600000,-0.811776,-0.856576,-0.391806,-0.696780,-0.600000,-0.857190,-0.119035,-0.074630,-0.998049,-0.600000,-0.601475,-0.600000,-0.600000,-0.600000,-0.918226,-0.698632,0.272890,-0.600000,0.600000,0.857804,0.600000,0.600000,0.855341,0.600000,-0.001525,-0.601475,-0.698632,-0.600000,-0.001525,-0.965457,-0.998029,0.795994,-0.698632,0.600000,0.600000,0.600000,0.776655,-0.600000,-0.074630,0.273884,-0.183810,-0.393041,-0.856576,-0.600000,-0.600000,-0.602399,-0.492642,0.600000,0.273884,-0.856576,-0.253171,0.074630,-0.600000
83,0,0,0,0,N,0,21,35,1,-0.004031,0.600000,0.600000,-0.600000,1.000000,-0.965624,-0.600000,-0.608823,-0.795324,0.391848,-0.856576,-0.391848,-0.811776,0.600000,0.600000,0.600000,-0.600000,0.600000,-0.811776,-0.856576,-0.390615,-0.695723,-0.600000,-0.857190,-0.119035,-0.074285,-0.998208,-0.600000,-0.601475,-0.600000,-0.600000,-0.600000,-0.918601,-0.698632,0.272890,-0.600000,0.600000,0.857804,0.600000,0.600000,0.855341,0.600000,-0.001400,-0.601475,-0.698632,-0.600000,-0.001400,-0.965624,-0.998190,0.796806,-0.698632,0.600000,0.600000,0.600000,0.777522,-0.600000,-0.074285,0.273884,-0.183060,-0.391848,-0.856576,-0.600000,-0.600000,-0.602399,-0.492642,0.600000,0.273884,-0.856576,-0.254116,0.074285,-0.600000
84,0,0,0,0,W,0,19,36,1,-0.003834,0.600000,0.600000,-0.600000,1.000000,-0.966119,-0.600000,-0.610015,-0.797758,0.390656,-0.856576,-0.390656,-0.812540,0.600000,0.600000,0.600000,-0.600000,0.600000,-0.812540,-0.856576,-0.385862,-0.694665,-0.600000,-0.859020,-0.117468,-0.073258,-0.998296,-0.600000,-0.605066,-0.600000,-0.600000,-0.600000,-0.919347,-0.698632,0.269920,-0.600000,0.600000,0.857804,0.600000,0.600000,0.855341,0.600000,-0.001325,-0.605066,-0.698632,-0.600000,-0.001325,-0.966119,-0.998278,0.797615,-0.698632,0.600000,0.600000,0.600000,0.778387,-0.600000,-0.073258,0.273884,-0.181566,-0.390656,-0.856576,-0.600000,-0.600000,-0.602399,-0.492642,0.600000,0.273884,-0.856576,-0.251278,0.073258,-0.600000
85,0,0,0,0,stay,0,18,36,1,-0.003470,0.600000,0.600000,-0.600000,1.000000,-0.966446,-0.600000,-0.608825,-0.798565,0.390656,-0.856576,-0.390656,-0.813302,0.600000,0.600000,0.600000,-0.600000,0.600000,-0.813302,-0.856576,-0.384677,-0.694665,-0.600000,-0.859626,-0.115919,-0.072580,-0.998458,-0.600000,-0.606261,-0.600000,-0.600000,-0.600000,-0.919718,-0.698632,0.268935,-0.600000,0.600000,0.857804,0.600000,0.600000,0.855341,0.600000,-0.001193,-0.606261,-0.698632,-0.600000,-0.001193,-0.966446,-0.998442,0.797615,-0.698632,0.600000,0.600000,0.600000,0.778387,-0.600000,-0.072580,0.273884,-0.180823,-0.390656,-0.856576,-0.600000,-0.600000,-0.602399,-0.492642,0.600000,0.273884,-0.856576,-0.249399,0.072580,-0.600000
86,0,0,1,0,W,0,16,37,1,-0.003236,0.600000,0.600000,-0.600000,1.000000,-0.966930,-0.600000,-0.611206,-0.800171,0.389466,-0.863213,-0.389466,-0.814061,0.600000,0.600000,0.600000,-0.600000,0.600000,-0.814061,-0.863213,-0.394181,-0.705176,-0.600000,-0.860830,-0.115406,-0.071575,-0.998562,-0.600000,-0.595476,-0.600000,-0.600000,-0.600000,-0.920455,-0.698632,0.266971,-0.600000,0.600000,0.864394,0.600000,0.600000,0.862026,0.600000,-0.001107,-0.595476,-0.698632,-0.600000,-0.001107,-0.966930,-0.998548,0.798422,-0.698632,0.600000,0.600000,0.600000,0.779249,-0.600000,-0.071575,0.263071,-0.179345,-0.389466,-0.863213,-0.600000,-0.600000,-0.602399,-0.492642,0.600000,0.263071,-0.863213,-0.247527,0.071575,-0.600000
87,0,0,0,0,W,0,14,38,1,-0.002913,0.600000,0.600000,-0.600000,1.000000,-0.966930,-0.600000,-0.611206,-0.800171,0.389466,-0.863213,-0.389466,-0.814061,0.600000,0.600000,0.600000,-0.600000,0.600000,-0.814061,-0.863213,-0.394181,-0.705176,-0.600000,-0.860830,-0.115406,-0.071575,-0.998706,-0.600000,-0.595476,-0.600000,-0.600000,-0.600000,-0.920455,-0.698632,0.266971,-0.600000,0.600000,0.864394,0.600000,0.600000,0.862026,0.600000,-0.000996,-0.595476,-0.698632,-0.600000,-0.000996,-0.966930,-0.998693,0.798422,-0.698632,0.600000,0.600000,0.600000,0.779249,-0.600000,-0.071575,0.263071,-0.179345,-0.389466,-0.863213,-0.600000,-0.600000,-0.602399,-0.492642,0.600000,0.263071,-0.863213,-0.247527,0.071575,-0.600000
88,0,0,0,0,stay,0,13,38,1,-0.002610,0.600000,0.600000,-0.600000,1.000000,-0.966930,-0.600000,-0.611206,-0.800171,0.389466,-0.863213,-0.389466,-0.814061,0.600000,0.600000,0.600000,-0.600000,0.600000,-0.814061,-0.863213,-0.394181,-0.705176,-0.600000,-0.860830,-0.115406,-0.071575,-0.998841,-0.600000,-0.595476,-0.600000,-0.600000,-0.600000,-0.920455,-0.698632,0.266971,-0.600000,0.600000,0.864394,0.600000,0.600000,0.862026,0.600000,-0.000892,-0.595476,-0.698632,-0.600000,-0.000892,-0.966930,-0.998829,0.798422,-0.698632,0.600000,0.600000,0.600000,0.779249,-0.600000,-0.071575,0.263071,-0.179345,-0.389466,-0.863213,-0.600000,-0.600000,-0.602399,-0.492642,0.600000,0.263071,-0.863213,-0.247527,0.071575,-0.600000
89,0,0,1,0,E,0,11,37,1,-0.002338,0.600000,0.600000,-0.600000,1.000000,-0.966930,-0.600000,-0.611206,-0.800171,0.389466,-0.863213,-0.389466,-0.814061,0.600000,0.600000,0.600000,-0.600000,0.600000,-0.814061,-0.863213,-0.394181,-0.705176,-0.600000,-0.860830,-0.115406,-0.071575,-0.998962,-0.600000,-0.595476,-0.600000,-0.600000,-0.600000,-0.920455,-0.698632,0.266971,-0.600000,0.600000,0.864394,0.600000,0.600000,0.862026,0.600000,-0.000799,-0.595476,-0.698632,-0.600000,-0.000799,-0.966930,-0.998951,0.798422,-0.698632,0.600000,0.600000,0.600000,0.779249,-0.600000,-0.071575,0.263071,-0.179345,-0.389466,-0.863213,-0.600000,-0.600000,-0.602399,-0.492642,0.600000,0.263071,-0.863213,-0.247527,0.071575,-0.600000
90,0,0,1,0,stay,0,10,37,1,-0.002094,0.600000,0.600000,-0.600000,1.000000,-0.966930,-0.600000,-0.611206,-0.800171,0.389466,-0.863213,-0.389466,-0.814061,0.600000,0.600000,0.600000,-0.600000,0.600000,-0.814061,-0.863213,-0.394181,-0.705176,-0.600000,-0.860830,-0.115406,-0.071575,-0.999070,-0.600000,-0.595476,-0.600000,-0.600000,-0.600000,-0.920455,-0.698632,0.266971,-0.600000,0.600000,0.864394,0.600000,0.600000,0.862026,0.600000,-0.000716,-0.595476,-0.698632,-0.600000,-0.000716,-0.966930,-0.999061,0.798422,-0.698632,0.600000,0.600000,0.600000,0.779249,-0.600000,-0.071575,0.263071,-0.179345,-0.389466,-0.863213,-0.600000,-0.600000,-0.602399,-0.492642,0.600000,0.263071,-0.863213,-0.247527,0.071575,-0.600000
91,0,0,0,0,E,0,8,36,1,-0.001876,0.600000,0.600000,-0.600000,1.000000,-0.966930,-0.600000,-0.611206,-0.800171,0.389466,-0.863213,-0.389466,-0.814061,0.600000,0.600000,0.600000,-0.600000,0.600000,-0.814061,-0.863213,-0.394181,-0.705176,-0.600000,-0.860830,-0.115406,-0.071575,-0.999167,-0.600000,-0.595476,-0.600000,-0.600000,-0.600000,-0.920455,-0.698632,0.266971,-0.600000,0.600000,0.864394,0.600000,0.600000,0.862026,0.600000,-0.000641,-0.595476,-0.698632,-0.600000,-0.000641,-0.966930,-0.999159,0.798422,-0.698632,0.600000,0.600000,0.600000,0.779249,-0.600000,-0.071575,0.263071,-0.179345,-0.389466,-0.863213,-0.600000,-0.600000,-0.602399,-0.492642,0.600000,0.263071,-0.863213,-0.247527,0.071575,-0.600000
92,0,0,0,0,E,0,6,35,1,-0.001681,0.600000,0.600000,-0.600000,1.000000,-0.966930,-0.600000,-0.611206,-0.800171,0.389466,-0.863213,-0.389466,-0.814061,0.600000,0.600000,0.600000,-0.600000,0.600000,-0.814061,-0.863213,-0.394181,-0.705176,-0.600000,-0.860830,-0.115406,-0.071575,-0.999254,-0.600000,-0.595476,-0.600000,-0.600000,-0.600000,-0.920455,-0.698632,0.266971,-0.600000,0.600000,0.864394,0.600000,0.600000,0.862026,0.600000,-0.000574,-0.595476,-0.698632,-0.600000,-0.000574,-0.966930,-0.999246,0.798422,-0.698632,0.600000,0.600000,0.600000,0.779249,-0.600000,-0.071575,0.263071,-0.179345,-0.389466,-0.863213,-0.600000,-0.600000,-0.602399,-0.492642,0.600000,0.263071,-0.863213,-0.247527,0.071575,-0.600000
93,0,0,0,0,stay,0,5,35,1,-0.001505,0.600000,0.600000,-0.600000,1.000000,-0.966930,-0.600000,-0.611206,-0.800171,0.389466,-0.863213,-0.389466,-0.814061,0.600000,0.600000,0.600000,-0.600000,0.600000,-0.814061,-0.863213,-0.394181,-0.705176,-0.600000,-0.860830,-0.115406,-0.071575,-0.999332,-0.600000,-0.595476,-0.600000,-0.600000,-0.600000,-0.920455,-0.698632,0.266971,-0.600000,0.600000,0.864394,0.600000,0.600000,0.862026,0.600000,-0.000514,-0.595476,-0.698632,-0.600000,-0.000514,-0.966930,-0.999325,0.798422,-0.698632,0.600000,0.600000,0.600000,0.779249,-0.600000,-0.071575,0.263071,-0.179345,-0.389466,-0.863213,-0.600000,-0.600000,-0.602399,-0.492642,0.600000,0.263071,-0.863213,-0.247527,0.071575,-0.600000
94,0,1,0,0,N,0,3,34,1,-0.001348,0.600000,0.600000,-0.600000,1.000000,-0.968496,-0.600000,-0.585995,-0.800171,0.389466,-0.863213,-0.389466,-0.814061,0.600000,0.600000,0.600000,-0.600000,0.600000,-0.814061,-0.863213,-0.394181,-0.705176,-0.600000,-0.860830,-0.105093,-0.068316,-0.999401,-0.600000,-0.595476,-0.600000,-0.600000,-0.600000,-0.920455,-0.698632,0.266971,-0.600000,0.600000,0.864394,0.600000,0.600000,0.862026,0.600000,-0.000461,-0.595476,-0.698632,-0.600000,-0.000461,-0.968496,-0.999395,0.798422,-0.698632,0.600000,0.600000,0.600000,0.779249,-0.600000,-0.068316,0.263071,-0.179345,-0.389466,-0.863213,-0.600000,-0.600000,-0.602399,-0.492642,0.600000,0.263071,-0.863213,-0.247527,0.068316,-0.600000
95,0,1,0,0,stay,0,2,34,1,-0.001208,0.600000,0.600000,-0.600000,1.000000,-0.970135,-0.600000,-0.559091,-0.800171,0.389466,-0.863213,-0.389466,-0.814061,0.600000,0.600000,0.600000,-0.600000,0.600000,-0.814061,-0.863213,-0.394181,-0.705176,-0.600000,-0.860830,-0.095169,-0.064890,-0.999464,-0.600000,-0.595476,-0.600000,-0.600000,-0.600000,-0.920455,-0.698632,0.266971,-0.600000,0.600000,0.864394,0.600000,0.600000,0.862026,0.600000,-0.000413,-0.595476,-0.698632,-0.600000,-0.000413,-0.970135,-0.999459,0.798422,-0.698632,0.600000,0.600000,0.600000,0.779249,-0.600000,-0.064890,0.263071,-0.179345,-0.389466,-0.863213,-0.600000,-0.600000,-0.602399,-0.492642,0.600000,0.263071,-0.863213,-0.247527,0.064890,-0.600000
96,0,0,0,0,W,0,0,35,1,-0.001082,0.600000,0.600000,-0.600000,1.000000,-0.970280,-0.600000,-0.557859,-0.800171,0.389466,-0.863213,-0.389466,-0.814061,0.600000,0.600000,0.600000,-0.600000,0.600000,-0.814061,-0.863213,-0.394181,-0.705176,-0.600000,-0.860830,-0.094738,-0.064587,-0.999520,-0.600000,-0.595476,-0.600000,-0.600000,-0.600000,-0.920455,-0.698632,0.266971,-0.600000,0.600000,0.864394,0.600000,0.600000,0.862026,0.600000,-0.000370,-0.595476,-0.698632,-0.600000,-0.000370,-0.970280,-0.999515,0.798422,-0.698632,0.600000,0.600000,0.600000,0.779249,-0.600000,-0.064587,0.263071,-0.179345,-0.389466,-0.863213,-0.600000,-0.600000,-0.602399,-0.492642,0.600000,0.263071,-0.863213,-0.247527,0.064587,-0.600000
