tick,conn_0_0,conn_0_3,conn_0_5,conn_0_6,conn_0_8,conn_0_9,conn_1_1,conn_1_2,conn_1_3,conn_1_5,conn_1_6,conn_1_7,conn_1_8,conn_1_9,conn_2_3,conn_2_4,conn_2_5,conn_2_7,conn_2_10,conn_3_1,conn_3_5,conn_3_6,conn_3_7,conn_3_9,conn_3_10,conn_4_0,conn_4_3,conn_4_5,conn_4_6,conn_4_7,conn_4_8,conn_4_10,conn_5_2,conn_5_3,conn_5_4,conn_5_6,conn_5_7,conn_5_8,conn_5_9,conn_5_10,conn_6_1,conn_6_4,conn_6_6,conn_6_9,conn_7_0,conn_7_4,conn_7_5,conn_7_6,conn_7_8,conn_7_9,conn_7_10,conn_8_0,conn_8_1,conn_8_2,conn_8_5,conn_8_6,conn_8_8,conn_8_9,conn_8_10,conn_9_0,conn_9_3,conn_9_4,conn_9_9,conn_9_10,conn_10_1,conn_10_2,conn_10_4,conn_10_5,conn_10_6,conn_10_7,conn_10_8,conn_10_10
0,0.600000,-0.600000,1.000000,-0.600000,-0.600000,0.600000,-0.600000,-0.600000,-0.600000,0.600000,-0.600000,-0.600000,-0.600000,0.600000,-0.600000,-0.600000,-0.600000,-0.600000,-0.600000,-0.600000,0.600000,-0.600000,0.600000,-0.600000,-0.600000,-0.600000,0.600000,0.600000,-0.600000,-0.600000,-0.600000,-0.600000,0.600000,-0.600000,-0.600000,0.600000,-0.600000,0.600000,0.600000,-0.600000,-0.600000,0.600000,-0.600000,-0.600000,0.600000,-0.600000,0.600000,0.600000,0.600000,-0.600000,-0.600000,0.600000,-0.600000,-0.600000,-0.600000,-0.600000,-0.600000,-0.600000,0.600000,0.600000,0.600000,-0.600000,0.600000,-0.600000,-0.600000,-0.600000,-0.600000,-0.600000,-0.600000,0.600000,-0.600000,-0.600000
1,0.600000,-0.589158,1.000000,-0.600000,-0.600000,0.621416,-0.600000,-0.600000,-0.600000,0.600000,-0.611950,-0.600000,-0.600000,0.600000,-0.600000,-0.600000,-0.600000,-0.600000,-0.600000,-0.600000,0.600000,-0.600000,0.600000,-0.600000,-0.600000,-0.600000,0.600000,0.600000,-0.600000,-0.600000,-0.596396,-0.600000,0.600000,-0.607185,-0.600000,0.600000,-0.589158,0.600000,0.600000,-0.600000,-0.600000,0.600000,-0.600000,-0.600000,0.600000,-0.600000,0.600000,0.626116,0.600000,-0.600000,-0.600000,0.600000,-0.600000,-0.600000,-0.600000,-0.600000,-0.600000,-0.600000,0.600000,0.600000,0.600000,-0.600000,0.600000,-0.600000,-0.600000,-0.604795,-0.600000,-0.600000,-0.600000,0.600000,-0.600000,-0.600000
2,0.600000,-0.574567,1.000000,-0.600000,-0.600000,0.649246,-0.600000,-0.600000,-0.600000,0.600000,-0.616694,-0.600000,-0.600000,0.600000,-0.600000,-0.600000,-0.600000,-0.600000,-0.600000,-0.600000,0.600000,-0.600000,0.600000,-0.600000,-0.600000,-0.600000,0.600000,0.600000,-0.600000,-0.600000,-0.583096,-0.600000,0.600000,-0.633121,-0.600000,0.600000,-0.574567,0.600000,0.600000,-0.600000,-0.600000,0.600000,-0.600000,-0.600000,0.600000,-0.600000,0.600000,0.653794,0.600000,-0.600000,-0.600000,0.600000,-0.600000,-0.600000,-0.600000,-0.600000,-0.600000,-0.600000,0.600000,0.600000,0.600000,-0.600000,0.600000,-0.600000,-0.600000,-0.604795,-0.600000,-0.600000,-0.600000,0.600000,-0.600000,-0.600000
3,0.600000,-0.559845,1.000000,-0.600000,-0.600000,0.676104,-0.600000,-0.600000,-0.600000,0.600000,-0.633121,-0.600000,-0.600000,0.600000,-0.600000,-0.600000,-0.600000,-0.600000,-0.600000,-0.600000,0.600000,-0.600000,0.600000,-0.600000,-0.600000,-0.600000,0.600000,0.600000,-0.600000,-0.600000,-0.577009,-0.600000,0.600000,-0.644671,-0.600000,0.600000,-0.559845,0.600000,0.600000,-0.600000,-0.600000,0.600000,-0.600000,-0.600000,0.600000,-0.600000,0.600000,0.680475,0.600000,-0.600000,-0.600000,0.600000,-0.600000,-0.600000,-0.600000,-0.600000,-0.600000,-0.600000,0.600000,0.600000,0.600000,-0.600000,0.600000,-0.600000,-0.600000,-0.607185,-0.600000,-0.600000,-0.600000,0.600000,-0.600000,-0.600000
4,0.600000,-0.545015,1.000000,-0.600000,-0.600000,0.701855,-0.600000,-0.600000,-0.600000,0.600000,-0.653794,-0.600000,-0.600000,0.600000,-0.600000,-0.600000,-0.600000,-0.600000,-0.600000,-0.600000,0.600000,-0.600000,0.600000,-0.600000,-0.600000,-0.600000,0.600000,0.600000,-0.600000,-0.600000,-0.570898,-0.600000,0.600000,-0.656057,-0.600000,0.600000,-0.545015,0.600000,0.600000,-0.600000,-0.600000,0.600000,-0.600000,-0.600000,0.600000,-0.600000,0.600000,0.706032,0.600000,-0.600000,-0.600000,0.600000,-0.600000,-0.600000,-0.600000,-0.600000,-0.600000,-0.600000,0.600000,0.600000,0.600000,-0.600000,0.600000,-0.600000,-0.600000,-0.607185,-0.600000,-0.600000,-0.600000,0.600000,-0.600000,-0.600000
5,0.600000,-0.528858,1.000000,-0.600000,-0.600000,0.728382,-0.600000,-0.600000,-0.600000,0.600000,-0.667268,-0.600000,-0.600000,0.600000,-0.600000,-0.600000,-0.600000,-0.600000,-0.600000,-0.600000,0.600000,-0.600000,0.600000,-0.600000,-0.600000,-0.600000,0.600000,0.600000,-0.600000,-0.600000,-0.563536,-0.600000,0.600000,-0.669488,-0.600000,0.600000,-0.528858,0.600000,0.600000,-0.600000,-0.600000,0.600000,-0.600000,-0.600000,0.600000,-0.600000,0.600000,0.732330,0.600000,-0.600000,-0.600000,0.600000,-0.600000,-0.600000,-0.600000,-0.600000,-0.600000,-0.600000,0.600000,0.600000,0.600000,-0.600000,0.600000,-0.600000,-0.600000,-0.607185,-0.600000,-0.600000,-0.600000,0.600000,-0.600000,-0.600000
6,0.600000,-0.513888,1.000000,-0.600000,-0.600000,0.751517,-0.600000,-0.600000,-0.600000,0.600000,-0.682650,-0.600000,-0.600000,0.600000,-0.600000,-0.600000,-0.600000,-0.600000,-0.600000,-0.600000,0.600000,-0.600000,0.600000,-0.600000,-0.600000,-0.600000,0.600000,0.600000,-0.600000,-0.600000,-0.557380,-0.600000,0.600000,-0.680475,-0.600000,0.600000,-0.513888,0.600000,0.600000,-0.600000,-0.600000,0.600000,-0.600000,-0.600000,0.600000,-0.600000,0.600000,0.755242,0.600000,-0.600000,-0.600000,0.600000,-0.600000,-0.600000,-0.600000,-0.600000,-0.600000,-0.600000,0.600000,0.600000,0.600000,-0.600000,0.600000,-0.600000,-0.600000,-0.609570,-0.600000,-0.600000,-0.600000,0.600000,-0.600000,-0.600000
7,0.600000,-0.498892,1.000000,-0.600000,-0.600000,0.773299,-0.600000,-0.600000,-0.600000,0.600000,-0.697645,-0.600000,-0.600000,0.600000,-0.600000,-0.600000,-0.600000,-0.600000,-0.600000,-0.600000,0.600000,-0.600000,0.600000,-0.600000,-0.600000,-0.600000,0.600000,0.600000,-0.600000,-0.600000,-0.551205,-0.600000,0.600000,-0.691267,-0.600000,0.600000,-0.498892,0.600000,0.600000,-0.600000,-0.600000,0.600000,-0.600000,-0.600000,0.600000,-0.600000,0.600000,0.776796,0.600000,-0.600000,-0.600000,0.600000,-0.600000,-0.600000,-0.600000,-0.600000,-0.600000,-0.600000,0.600000,0.600000,0.600000,-0.600000,0.600000,-0.600000,-0.600000,-0.611950,-0.600000,-0.600000,-0.600000,0.600000,-0.600000,-0.600000
8,0.600000,-0.483897,1.000000,-0.600000,-0.600000,0.793700,-0.600000,-0.600000,-0.600000,0.600000,-0.710175,-0.600000,-0.600000,0.600000,-0.600000,-0.600000,-0.600000,-0.600000,-0.600000,-0.600000,0.600000,-0.600000,0.600000,-0.600000,-0.600000,-0.600000,0.600000,0.600000,-0.600000,-0.600000,-0.545015,-0.600000,0.600000,-0.701855,-0.600000,0.600000,-0.483897,0.600000,0.600000,-0.600000,-0.600000,0.600000,-0.600000,-0.600000,0.600000,-0.600000,0.600000,0.796965,0.600000,-0.600000,-0.600000,0.600000,-0.600000,-0.600000,-0.600000,-0.600000,-0.600000,-0.600000,0.600000,0.600000,0.600000,-0.600000,0.600000,-0.600000,-0.600000,-0.614325,-0.600000,-0.600000,-0.600000,0.600000,-0.600000,-0.600000
9,0.600000,-0.468930,1.000000,-0.600000,-0.600000,0.812714,-0.600000,-0.600000,-0.600000,0.600000,-0.726395,-0.600000,-0.600000,0.600000,-0.600000,-0.600000,-0.600000,-0.600000,-0.600000,-0.600000,0.600000,-0.600000,0.600000,-0.600000,-0.600000,-0.600000,0.600000,0.600000,-0.600000,-0.600000,-0.541293,-0.600000,0.600000,-0.708108,-0.600000,0.600000,-0.468930,0.600000,0.600000,-0.600000,-0.600000,0.600000,-0.600000,-0.600000,0.600000,-0.600000,0.600000,0.815748,0.600000,-0.600000,-0.600000,0.600000,-0.600000,-0.600000,-0.600000,-0.600000,-0.600000,-0.600000,0.600000,0.600000,0.600000,-0.600000,0.600000,-0.600000,-0.600000,-0.614325,-0.600000,-0.600000,-0.600000,0.600000,-0.600000,-0.600000
10,0.600000,-0.452778,1.000000,-0.600000,-0.600000,0.831761,-0.600000,-0.600000,-0.600000,0.600000,-0.742039,-0.600000,-0.600000,0.600000,-0.600000,-0.600000,-0.600000,-0.600000,-0.600000,-0.600000,0.600000,-0.600000,0.600000,-0.600000,-0.600000,-0.600000,0.600000,0.600000,-0.600000,-0.600000,-0.533837,-0.600000,0.600000,-0.720378,-0.600000,0.600000,-0.452778,0.600000,0.600000,-0.600000,-0.600000,0.600000,-0.600000,-0.600000,0.600000,-0.600000,0.600000,0.834551,0.600000,-0.600000,-0.600000,0.600000,-0.600000,-0.600000,-0.600000,-0.600000,-0.600000,-0.600000,0.600000,0.600000,0.600000,-0.600000,0.600000,-0.600000,-0.600000,-0.614325,-0.600000,-0.600000,-0.600000,0.600000,-0.600000,-0.600000
11,0.600000,-0.437954,1.000000,-0.600000,-0.600000,0.847945,-0.600000,-0.600000,-0.600000,0.600000,-0.757091,-0.600000,-0.600000,0.600000,-0.600000,-0.600000,-0.600000,-0.600000,-0.600000,-0.600000,0.600000,-0.600000,0.600000,-0.600000,-0.600000,-0.600000,0.600000,0.600000,-0.600000,-0.600000,-0.527612,-0.600000,0.600000,-0.730360,-0.600000,0.600000,-0.437954,0.600000,0.600000,-0.600000,-0.600000,0.600000,-0.600000,-0.600000,0.600000,-0.600000,0.600000,0.850514,0.600000,-0.600000,-0.600000,0.600000,-0.600000,-0.600000,-0.600000,-0.600000,-0.600000,-0.600000,0.600000,0.600000,0.600000,-0.600000,0.600000,-0.600000,-0.600000,-0.614325,-0.600000,-0.600000,-0.600000,0.600000,-0.600000,-0.600000
12,0.600000,-0.420799,1.000000,-0.600000,-0.600000,0.865189,-0.600000,-0.600000,-0.600000,0.600000,-0.773299,-0.600000,-0.600000,0.600000,-0.600000,-0.600000,-0.600000,-0.600000,-0.600000,-0.600000,0.600000,-0.600000,0.600000,-0.600000,-0.600000,-0.600000,0.600000,0.600000,-0.600000,-0.600000,-0.520130,-0.600000,0.600000,-0.742039,-0.600000,0.600000,-0.420799,0.600000,0.600000,-0.600000,-0.600000,0.600000,-0.600000,-0.600000,0.600000,-0.600000,0.600000,0.867513,0.600000,-0.600000,-0.600000,0.600000,-0.600000,-0.600000,-0.600000,-0.600000,-0.600000,-0.600000,0.600000,0.600000,0.600000,-0.600000,0.600000,-0.600000,-0.600000,-0.614325,-0.600000,-0.600000,-0.600000,0.600000,-0.600000,-0.600000
13,0.600000,-0.406242,1.000000,-0.600000,-0.600000,0.878630,-0.600000,-0.600000,-0.600000,0.600000,-0.787054,-0.600000,-0.600000,0.600000,-0.600000,-0.600000,-0.600000,-0.600000,-0.600000,-0.600000,0.600000,-0.600000,0.600000,-0.600000,-0.600000,-0.600000,0.600000,0.600000,-0.600000,-0.600000,-0.512639,-0.600000,0.600000,-0.753384,-0.600000,0.600000,-0.406242,0.600000,0.600000,-0.600000,-0.600000,0.600000,-0.600000,-0.600000,0.600000,-0.602400,0.600000,0.880755,0.600000,-0.600000,-0.600000,0.600000,-0.600000,-0.600000,-0.600000,-0.600000,-0.600000,-0.600000,0.600000,0.600000,0.600000,-0.600000,0.600000,-0.600000,-0.600000,-0.614325,-0.600000,-0.600000,-0.600000,0.600000,-0.600000,-0.600000
14,0.600000,-0.388277,1.000000,-0.600000,-0.600000,0.893795,-0.600000,-0.600000,-0.600000,0.600000,-0.800192,-0.600000,-0.600000,0.600000,-0.600000,-0.600000,-0.600000,-0.600000,-0.600000,-0.600000,0.600000,-0.600000,0.600000,-0.600000,-0.600000,-0.600000,0.600000,0.600000,-0.600000,-0.600000,-0.502642,-0.600000,0.600000,-0.767982,-0.600000,0.600000,-0.388277,0.600000,0.600000,-0.600000,-0.600000,0.600000,-0.600000,-0.600000,0.600000,-0.602400,0.600000,0.895686,0.600000,-0.600000,-0.600000,0.600000,-0.600000,-0.600000,-0.600000,-0.600000,-0.600000,-0.600000,0.600000,0.600000,0.600000,-0.600000,0.600000,-0.600000,-0.600000,-0.614325,-0.600000,-0.600000,-0.600000,0.600000,-0.600000,-0.600000
15,0.600000,-0.374117,1.000000,-0.600000,-0.600000,0.904701,-0.600000,-0.600000,-0.600000,0.600000,-0.814236,-0.600000,-0.600000,0.600000,-0.600000,-0.600000,-0.600000,-0.600000,-0.600000,-0.600000,0.600000,-0.600000,0.600000,-0.600000,-0.600000,-0.600000,0.600000,0.600000,-0.600000,-0.600000,-0.495142,-0.600000,0.600000,-0.778529,-0.600000,0.600000,-0.374117,0.600000,0.600000,-0.600000,-0.600000,0.600000,-0.600000,-0.600000,0.600000,-0.602400,0.600000,0.906418,0.600000,-0.600000,-0.600000,0.600000,-0.600000,-0.600000,-0.600000,-0.600000,-0.600000,-0.600000,0.600000,0.600000,0.600000,-0.600000,0.600000,-0.600000,-0.600000,-0.614325,-0.600000,-0.600000,-0.600000,0.600000,-0.600000,-0.600000
16,0.600000,-0.360168,1.000000,-0.600000,-0.600000,0.914595,-0.600000,-0.600000,-0.600000,0.600000,-0.823168,-0.600000,-0.600000,0.600000,-0.600000,-0.600000,-0.600000,-0.600000,-0.600000,-0.600000,0.600000,-0.600000,0.600000,-0.600000,-0.600000,-0.600000,0.600000,0.600000,-0.600000,-0.600000,-0.486395,-0.600000,0.600000,-0.790396,-0.600000,0.600000,-0.360168,0.600000,0.600000,-0.600000,-0.600000,0.600000,-0.600000,-0.600000,0.600000,-0.602400,0.600000,0.916151,0.600000,-0.600000,-0.600000,0.600000,-0.600000,-0.600000,-0.600000,-0.600000,-0.600000,-0.600000,0.600000,0.600000,0.600000,-0.600000,0.600000,-0.600000,-0.600000,-0.614325,-0.600000,-0.600000,-0.600000,0.600000,-0.600000,-0.600000
17,0.600000,-0.346450,1.000000,-0.600000,-0.600000,0.923550,-0.600000,-0.600000,-0.600000,0.600000,-0.850584,-0.600000,-0.600000,0.600000,-0.600000,-0.600000,-0.600000,-0.600000,-0.600000,-0.600000,0.600000,-0.600000,0.600000,-0.600000,-0.600000,-0.600000,0.600000,0.600000,-0.600000,-0.600000,-0.481400,-0.600000,0.600000,-0.796965,-0.600000,0.600000,-0.346450,0.600000,0.600000,-0.600000,-0.600000,0.600000,-0.600000,-0.600000,0.600000,-0.602400,0.600000,0.924956,0.600000,-0.600000,-0.600000,0.600000,-0.600000,-0.600000,-0.600000,-0.600000,-0.600000,-0.600000,0.600000,0.600000,0.600000,-0.600000,0.600000,-0.600000,-0.600000,-0.614325,-0.600000,-0.600000,-0.600000,0.600000,-0.600000,-0.600000
18,0.600000,-0.332982,1.000000,-0.600000,-0.600000,0.931636,-0.600000,-0.600000,-0.600000,0.600000,-0.872170,-0.600000,-0.600000,0.600000,-0.600000,-0.600000,-0.600000,-0.600000,-0.600000,-0.600000,0.600000,-0.600000,0.600000,-0.600000,-0.600000,-0.600000,0.600000,0.600000,-0.600000,-0.600000,-0.477656,-0.600000,0.600000,-0.801791,-0.600000,0.600000,-0.332982,0.600000,0.600000,-0.600000,-0.600000,0.600000,-0.600000,-0.600000,0.600000,-0.602400,0.600000,0.932905,0.600000,-0.600000,-0.600000,0.600000,-0.600000,-0.600000,-0.600000,-0.600000,-0.600000,-0.600000,0.600000,0.600000,0.600000,-0.600000,0.600000,-0.600000,-0.600000,-0.614325,-0.600000,-0.600000,-0.600000,0.600000,-0.600000,-0.600000
19,0.600000,-0.319781,1.000000,-0.600000,-0.600000,0.938925,-0.600000,-0.600000,-0.600000,0.600000,-0.892021,-0.600000,-0.600000,0.600000,-0.600000,-0.600000,-0.600000,-0.600000,-0.600000,-0.600000,0.600000,-0.600000,0.600000,-0.600000,-0.600000,-0.600000,0.600000,0.600000,-0.600000,-0.600000,-0.471421,-0.600000,0.600000,-0.809641,-0.600000,0.600000,-0.319781,0.600000,0.600000,-0.600000,-0.600000,0.600000,-0.600000,-0.600000,0.600000,-0.602400,0.600000,0.940066,0.600000,-0.600000,-0.600000,0.600000,-0.600000,-0.600000,-0.600000,-0.600000,-0.600000,-0.600000,0.600000,0.600000,0.600000,-0.600000,0.600000,-0.600000,-0.600000,-0.614325,-0.600000,-0.600000,-0.600000,0.600000,-0.600000,-0.600000
20,0.600000,-0.306861,1.000000,-0.600000,-0.600000,0.945482,-0.600000,-0.600000,-0.600000,0.600000,-0.909116,-0.600000,-0.600000,0.600000,-0.600000,-0.600000,-0.600000,-0.600000,-0.600000,-0.600000,0.600000,-0.600000,0.600000,-0.600000,-0.600000,-0.600000,0.600000,0.600000,-0.600000,-0.600000,-0.465195,-0.600000,0.600000,-0.817251,-0.600000,0.600000,-0.306861,0.600000,0.600000,-0.600000,-0.600000,0.600000,-0.600000,-0.600000,0.600000,-0.602400,0.600000,0.946508,0.600000,-0.600000,-0.600000,0.600000,-0.600000,-0.600000,-0.600000,-0.600000,-0.600000,-0.600000,0.600000,0.600000,0.600000,-0.600000,0.600000,-0.600000,-0.600000,-0.614325,-0.600000,-0.600000,-0.600000,0.600000,-0.600000,-0.600000
21,0.600000,-0.294237,1.000000,-0.600000,-0.600000,0.951372,-0.600000,-0.600000,-0.600000,0.600000,-0.923023,-0.600000,-0.600000,0.600000,-0.600000,-0.600000,-0.600000,-0.600000,-0.600000,-0.600000,0.600000,-0.600000,0.600000,-0.600000,-0.600000,-0.600000,0.600000,0.600000,-0.600000,-0.600000,-0.457739,-0.600000,0.600000,-0.826070,-0.600000,0.600000,-0.294237,0.600000,0.600000,-0.600000,-0.600000,0.600000,-0.600000,-0.600000,0.600000,-0.602400,0.600000,0.952293,0.600000,-0.600000,-0.600000,0.600000,-0.600000,-0.600000,-0.600000,-0.600000,-0.600000,-0.600000,0.600000,0.600000,0.600000,-0.600000,0.600000,-0.600000,-0.600000,-0.614325,-0.600000,-0.600000,-0.600000,0.600000,-0.600000,-0.600000
22,0.600000,-0.281920,1.000000,-0.600000,-0.600000,0.956655,-0.600000,-0.600000,-0.600000,0.600000,-0.934957,-0.600000,-0.600000,0.600000,-0.600000,-0.600000,-0.600000,-0.600000,-0.600000,-0.600000,0.600000,-0.600000,0.600000,-0.600000,-0.600000,-0.600000,0.600000,0.600000,-0.600000,-0.600000,-0.451539,-0.600000,0.600000,-0.833161,-0.600000,0.600000,-0.281920,0.600000,0.600000,-0.600000,-0.600000,0.600000,-0.600000,-0.600000,0.600000,-0.602400,0.600000,0.957480,0.600000,-0.600000,-0.600000,0.600000,-0.600000,-0.600000,-0.600000,-0.600000,-0.600000,-0.600000,0.600000,0.600000,0.600000,-0.600000,0.600000,-0.600000,-0.600000,-0.614325,-0.600000,-0.600000,-0.600000,0.600000,-0.600000,-0.600000
23,0.600000,-0.269920,1.000000,-0.600000,-0.600000,0.961388,-0.600000,-0.600000,-0.600000,0.600000,-0.945675,-0.600000,-0.600000,0.600000,-0.600000,-0.600000,-0.600000,-0.600000,-0.600000,-0.600000,0.600000,-0.600000,0.600000,-0.600000,-0.600000,-0.600000,0.600000,0.600000,-0.600000,-0.600000,-0.445354,-0.600000,0.600000,-0.840018,-0.600000,0.600000,-0.269920,0.600000,0.600000,-0.600000,-0.600000,0.600000,-0.600000,-0.600000,0.600000,-0.602400,0.600000,0.962127,0.600000,-0.600000,-0.600000,0.600000,-0.600000,-0.600000,-0.600000,-0.600000,-0.600000,-0.600000,0.600000,0.600000,0.600000,-0.600000,0.600000,-0.600000,-0.600000,-0.614325,-0.600000,-0.600000,-0.600000,0.600000,-0.600000,-0.600000
24,0.600000,-0.258247,1.000000,-0.600000,-0.600000,0.965622,-0.600000,-0.600000,-0.600000,0.600000,-0.954714,-0.600000,-0.600000,0.600000,-0.600000,-0.600000,-0.600000,-0.600000,-0.600000,-0.600000,0.600000,-0.600000,0.600000,-0.600000,-0.600000,-0.600000,0.600000,0.600000,-0.600000,-0.600000,-0.440417,-0.600000,0.600000,-0.845339,-0.600000,0.600000,-0.258247,0.600000,0.600000,-0.600000,-0.600000,0.600000,-0.600000,-0.600000,0.600000,-0.602400,0.600000,0.966283,0.600000,-0.600000,-0.600000,0.600000,-0.600000,-0.600000,-0.600000,-0.600000,-0.600000,-0.600000,0.600000,0.600000,0.600000,-0.600000,0.600000,-0.600000,-0.600000,-0.614325,-0.600000,-0.600000,-0.600000,0.600000,-0.600000,-0.600000
25,0.600000,-0.246908,1.000000,-0.600000,-0.600000,0.969407,-0.600000,-0.600000,-0.600000,0.600000,-0.962310,-0.600000,-0.600000,0.600000,-0.600000,-0.600000,-0.600000,-0.600000,-0.600000,-0.600000,0.600000,-0.600000,0.600000,-0.600000,-0.600000,-0.600000,0.600000,0.600000,-0.600000,-0.600000,-0.433035,-0.600000,0.600000,-0.853048,-0.600000,0.600000,-0.246908,0.600000,0.600000,-0.600000,-0.600000,0.600000,-0.600000,-0.600000,0.600000,-0.602400,0.600000,0.969998,0.600000,-0.600000,-0.600000,0.600000,-0.600000,-0.600000,-0.600000,-0.600000,-0.600000,-0.600000,0.600000,0.600000,0.600000,-0.600000,0.600000,-0.600000,-0.600000,-0.614325,-0.600000,-0.600000,-0.600000,0.600000,-0.600000,-0.600000
26,0.600000,-0.235907,1.000000,-0.600000,-0.600000,0.972788,-0.600000,-0.600000,-0.600000,0.600000,-0.968366,-0.600000,-0.600000,0.600000,-0.600000,-0.600000,-0.600000,-0.600000,-0.600000,-0.600000,0.600000,-0.600000,0.600000,-0.600000,-0.600000,-0.600000,0.600000,0.600000,-0.600000,-0.600000,-0.426906,-0.600000,0.600000,-0.859228,-0.600000,0.600000,-0.235907,0.600000,0.600000,-0.600000,-0.600000,0.600000,-0.600000,-0.600000,0.600000,-0.602400,0.600000,0.973315,0.600000,-0.600000,-0.600000,0.600000,-0.600000,-0.600000,-0.600000,-0.600000,-0.600000,-0.600000,0.600000,0.600000,0.600000,-0.600000,0.600000,-0.600000,-0.600000,-0.614325,-0.600000,-0.600000,-0.600000,0.600000,-0.600000,-0.600000
27,0.600000,-0.225250,1.000000,-0.600000,-0.600000,0.975804,-0.600000,-0.600000,-0.600000,0.600000,-0.973475,-0.600000,-0.600000,0.600000,-0.600000,-0.600000,-0.600000,-0.600000,-0.600000,-0.600000,0.600000,-0.600000,0.600000,-0.600000,-0.600000,-0.600000,0.600000,0.600000,-0.600000,-0.600000,-0.419580,-0.600000,0.600000,-0.866355,-0.600000,0.600000,-0.225250,0.600000,0.600000,-0.600000,-0.600000,0.600000,-0.600000,-0.600000,0.600000,-0.602400,0.600000,0.976274,0.600000,-0.600000,-0.600000,0.600000,-0.600000,-0.600000,-0.600000,-0.600000,-0.600000,-0.600000,0.600000,0.600000,0.600000,-0.600000,0.600000,-0.600000,-0.600000,-0.614325,-0.600000,-0.600000,-0.600000,0.600000,-0.600000,-0.600000
28,0.600000,-0.214938,1.000000,-0.600000,-0.600000,0.978493,-0.600000,-0.600000,-0.600000,0.600000,-0.977998,-0.600000,-0.600000,0.600000,-0.600000,-0.600000,-0.600000,-0.600000,-0.600000,-0.600000,0.600000,-0.600000,0.600000,-0.600000,-0.600000,-0.600000,0.600000,0.600000,-0.600000,-0.600000,-0.413502,-0.600000,0.600000,-0.872060,-0.600000,0.600000,-0.214938,0.600000,0.600000,-0.600000,-0.600000,0.600000,-0.600000,-0.600000,0.600000,-0.602400,0.600000,0.978912,0.600000,-0.600000,-0.600000,0.600000,-0.600000,-0.600000,-0.600000,-0.600000,-0.600000,-0.600000,0.600000,0.600000,0.600000,-0.600000,0.600000,-0.600000,-0.600000,-0.614325,-0.600000,-0.600000,-0.600000,0.600000,-0.600000,-0.600000
29,0.600000,-0.204972,1.000000,-0.600000,-0.600000,0.980890,-0.600000,-0.600000,-0.600000,0.600000,-0.981765,-0.600000,-0.600000,0.600000,-0.600000,-0.600000,-0.600000,-0.600000,-0.600000,-0.600000,0.600000,-0.600000,0.600000,-0.600000,-0.600000,-0.600000,0.600000,0.600000,-0.600000,-0.600000,-0.408658,-0.600000,0.600000,-0.876473,-0.600000,0.600000,-0.204972,0.600000,0.600000,-0.600000,-0.600000,0.600000,-0.600000,-0.600000,0.600000,-0.602400,0.600000,0.981263,0.600000,-0.600000,-0.600000,0.600000,-0.600000,-0.600000,-0.600000,-0.600000,-0.600000,-0.600000,0.600000,0.600000,0.600000,-0.600000,0.600000,-0.600000,-0.600000,-0.614325,-0.600000,-0.600000,-0.600000,0.600000,-0.600000,-0.600000
30,0.600000,-0.195354,1.000000,-0.600000,-0.600000,0.983024,-0.600000,-0.600000,-0.600000,0.600000,-0.984437,-0.600000,-0.600000,0.600000,-0.600000,-0.600000,-0.600000,-0.600000,-0.600000,-0.600000,0.600000,-0.600000,0.600000,-0.600000,-0.600000,-0.600000,0.600000,0.600000,-0.600000,-0.600000,-0.397824,-0.600000,0.600000,-0.885926,-0.600000,0.600000,-0.195354,0.600000,0.600000,-0.600000,-0.600000,0.600000,-0.600000,-0.600000,0.600000,-0.602400,0.600000,0.983356,0.600000,-0.600000,-0.600000,0.600000,-0.600000,-0.600000,-0.600000,-0.600000,-0.600000,-0.600000,0.600000,0.600000,0.600000,-0.600000,0.600000,-0.600000,-0.600000,-0.614325,-0.600000,-0.600000,-0.600000,0.600000,-0.600000,-0.600000
31,0.600000,-0.186080,1.000000,-0.600000,-0.600000,0.984923,-0.600000,-0.600000,-0.600000,0.600000,-0.986723,-0.600000,-0.600000,0.600000,-0.600000,-0.600000,-0.600000,-0.600000,-0.600000,-0.600000,0.600000,-0.600000,0.600000,-0.600000,-0.600000,-0.600000,0.600000,0.600000,-0.600000,-0.600000,-0.385903,-0.600000,0.600000,-0.895686,-0.600000,0.600000,-0.186080,0.600000,0.600000,-0.600000,-0.600000,0.600000,-0.600000,-0.600000,0.600000,-0.602400,0.600000,0.985219,0.600000,-0.600000,-0.600000,0.600000,-0.600000,-0.600000,-0.600000,-0.600000,-0.600000,-0.600000,0.600000,0.600000,0.600000,-0.600000,0.600000,-0.600000,-0.600000,-0.614325,-0.600000,-0.600000,-0.600000,0.600000,-0.600000,-0.600000
32,0.600000,-0.176421,1.000000,-0.600000,-0.600000,0.986745,-0.600000,-0.600000,-0.600000,0.600000,-0.988096,-0.600000,-0.600000,0.600000,-0.600000,-0.600000,-0.600000,-0.600000,-0.600000,-0.600000,0.600000,-0.600000,0.600000,-0.600000,-0.600000,-0.600000,0.600000,0.600000,-0.600000,-0.600000,-0.378814,-0.600000,0.600000,-0.901182,-0.600000,0.600000,-0.176421,0.600000,0.600000,-0.600000,-0.600000,0.600000,-0.600000,-0.600000,0.600000,-0.602400,0.600000,0.987133,0.600000,-0.600000,-0.600000,0.600000,-0.600000,-0.600000,-0.600000,-0.600000,-0.600000,-0.600000,0.600000,0.600000,0.600000,-0.600000,0.600000,-0.600000,-0.600000,-0.614325,-0.600000,-0.600000,-0.600000,0.600000,-0.600000,-0.600000
33,0.600000,-0.167858,1.000000,-0.600000,-0.600000,0.988233,-0.600000,-0.600000,-0.600000,0.600000,-0.989005,-0.600000,-0.600000,0.600000,-0.600000,-0.600000,-0.600000,-0.600000,-0.600000,-0.600000,0.600000,-0.600000,0.600000,-0.600000,-0.600000,-0.600000,0.600000,0.600000,-0.600000,-0.600000,-0.372946,-0.600000,0.600000,-0.905563,-0.600000,0.600000,-0.167858,0.600000,0.600000,-0.600000,-0.600000,0.600000,-0.600000,-0.600000,0.600000,-0.602400,0.600000,0.988578,0.600000,-0.600000,-0.600000,0.600000,-0.600000,-0.600000,-0.600000,-0.600000,-0.600000,-0.600000,0.600000,0.600000,0.600000,-0.600000,0.600000,-0.600000,-0.600000,-0.614325,-0.600000,-0.600000,-0.600000,0.600000,-0.600000,-0.600000
34,0.600000,-0.158959,1.000000,-0.600000,-0.600000,0.989659,-0.600000,-0.600000,-0.600000,0.600000,-0.989846,-0.600000,-0.600000,0.600000,-0.600000,-0.600000,-0.600000,-0.600000,-0.600000,-0.600000,0.600000,-0.600000,0.600000,-0.600000,-0.600000,-0.600000,0.600000,0.600000,-0.600000,-0.600000,-0.364793,-0.600000,0.600000,-0.911405,-0.600000,0.600000,-0.158959,0.600000,0.600000,-0.600000,-0.600000,0.600000,-0.600000,-0.600000,0.600000,-0.602400,0.600000,0.989963,0.600000,-0.600000,-0.600000,0.600000,-0.600000,-0.600000,-0.600000,-0.600000,-0.600000,-0.600000,0.600000,0.600000,0.600000,-0.600000,0.600000,-0.600000,-0.600000,-0.614325,-0.600000,-0.600000,-0.600000,0.600000,-0.600000,-0.600000
35,0.600000,-0.151087,1.000000,-0.600000,-0.600000,0.990823,-0.600000,-0.600000,-0.600000,0.600000,-0.990623,-0.600000,-0.600000,0.600000,-0.600000,-0.600000,-0.600000,-0.600000,-0.600000,-0.600000,0.600000,-0.600000,0.600000,-0.600000,-0.600000,-0.600000,0.600000,0.600000,-0.600000,-0.600000,-0.361322,-0.600000,0.600000,-0.913807,-0.600000,0.600000,-0.151087,0.600000,0.600000,-0.600000,-0.600000,0.600000,-0.600000,-0.600000,0.600000,-0.602400,0.600000,0.991093,0.600000,-0.600000,-0.600000,0.600000,-0.600000,-0.600000,-0.600000,-0.600000,-0.600000,-0.600000,0.600000,0.600000,0.600000,-0.600000,0.600000,-0.600000,-0.600000,-0.619058,-0.600000,-0.600000,-0.600000,0.600000,-0.600000,-0.600000
36,0.600000,-0.143538,1.000000,-0.600000,-0.600000,0.991857,-0.600000,-0.600000,-0.600000,0.600000,-0.991167,-0.600000,-0.600000,0.600000,-0.600000,-0.600000,-0.600000,-0.600000,-0.600000,-0.600000,0.600000,-0.600000,0.600000,-0.600000,-0.600000,-0.600000,0.600000,0.600000,-0.600000,-0.600000,-0.354423,-0.600000,0.600000,-0.918436,-0.600000,0.600000,-0.143538,0.600000,0.600000,-0.600000,-0.600000,0.600000,-0.600000,-0.600000,0.600000,-0.602400,0.600000,0.992097,0.600000,-0.600000,-0.600000,0.600000,-0.600000,-0.600000,-0.600000,-0.600000,-0.600000,-0.600000,0.600000,0.600000,0.600000,-0.600000,0.600000,-0.600000,-0.600000,-0.621416,-0.600000,-0.600000,-0.600000,0.600000,-0.600000,-0.600000
37,0.600000,-0.136306,1.000000,-0.600000,-0.600000,0.992776,-0.600000,-0.600000,-0.600000,0.600000,-0.991762,-0.600000,-0.600000,0.600000,-0.600000,-0.600000,-0.600000,-0.600000,-0.600000,-0.600000,0.600000,-0.600000,0.600000,-0.600000,-0.600000,-0.600000,0.600000,0.600000,-0.600000,-0.600000,-0.347584,-0.600000,0.600000,-0.922838,-0.600000,0.600000,-0.136306,0.600000,0.600000,-0.600000,-0.600000,0.600000,-0.600000,-0.600000,0.600000,-0.602400,0.600000,0.992989,0.600000,-0.600000,-0.600000,0.600000,-0.600000,-0.600000,-0.600000,-0.600000,-0.600000,-0.600000,0.600000,0.600000,0.600000,-0.600000,0.600000,-0.600000,-0.600000,-0.621416,-0.600000,-0.600000,-0.600000,0.600000,-0.600000,-0.600000
38,0.600000,-0.129383,1.000000,-0.600000,-0.600000,0.993591,-0.600000,-0.600000,-0.600000,0.600000,-0.992317,-0.600000,-0.600000,0.600000,-0.600000,-0.600000,-0.600000,-0.600000,-0.600000,-0.600000,0.600000,-0.600000,0.600000,-0.600000,-0.600000,-0.600000,0.600000,0.600000,-0.600000,-0.600000,-0.341932,-0.600000,0.600000,-0.926338,-0.600000,0.600000,-0.129383,0.600000,0.600000,-0.600000,-0.600000,0.600000,-0.600000,-0.600000,0.600000,-0.602400,0.600000,0.993780,0.600000,-0.600000,-0.600000,0.600000,-0.600000,-0.600000,-0.600000,-0.600000,-0.600000,-0.600000,0.600000,0.600000,0.600000,-0.600000,0.600000,-0.600000,-0.600000,-0.621416,-0.600000,-0.600000,-0.600000,0.600000,-0.600000,-0.600000
39,0.600000,-0.122761,1.000000,-0.600000,-0.600000,0.994315,-0.600000,-0.600000,-0.600000,0.600000,-0.992906,-0.600000,-0.600000,0.600000,-0.600000,-0.600000,-0.600000,-0.600000,-0.600000,-0.600000,0.600000,-0.600000,0.600000,-0.600000,-0.600000,-0.600000,0.600000,0.600000,-0.600000,-0.600000,-0.334095,-0.600000,0.600000,-0.930994,-0.600000,0.600000,-0.122761,0.600000,0.600000,-0.600000,-0.600000,0.600000,-0.600000,-0.600000,0.600000,-0.602400,0.600000,0.994483,0.600000,-0.600000,-0.600000,0.600000,-0.600000,-0.600000,-0.600000,-0.600000,-0.600000,-0.600000,0.600000,0.600000,0.600000,-0.600000,0.600000,-0.600000,-0.600000,-0.621416,-0.600000,-0.600000,-0.600000,0.600000,-0.600000,-0.600000
40,0.600000,-0.116433,1.000000,-0.600000,-0.600000,0.994958,-0.600000,-0.600000,-0.600000,0.600000,-0.993385,-0.600000,-0.600000,0.600000,-0.600000,-0.600000,-0.600000,-0.600000,-0.600000,-0.600000,0.600000,-0.600000,0.600000,-0.600000,-0.600000,-0.600000,0.600000,0.600000,-0.600000,-0.600000,-0.328551,-0.600000,0.600000,-0.934151,-0.600000,0.600000,-0.116433,0.600000,0.600000,-0.600000,-0.600000,0.600000,-0.600000,-0.600000,0.600000,-0.602400,0.600000,0.995107,0.600000,-0.600000,-0.600000,0.600000,-0.600000,-0.600000,-0.600000,-0.600000,-0.600000,-0.600000,0.600000,0.600000,0.600000,-0.600000,0.600000,-0.600000,-0.600000,-0.621416,-0.600000,-0.600000,-0.600000,0.600000,-0.600000,-0.600000
41,0.600000,-0.110390,1.000000,-0.600000,-0.600000,0.995528,-0.600000,-0.600000,-0.600000,0.600000,-0.993832,-0.600000,-0.600000,0.600000,-0.600000,-0.600000,-0.600000,-0.600000,-0.600000,-0.600000,0.600000,-0.600000,0.600000,-0.600000,-0.600000,-0.600000,0.600000,0.600000,-0.600000,-0.600000,-0.321962,-0.600000,0.600000,-0.937762,-0.600000,0.600000,-0.110390,0.600000,0.600000,-0.600000,-0.600000,0.600000,-0.600000,-0.600000,0.600000,-0.602400,0.600000,0.995660,0.600000,-0.600000,-0.600000,0.600000,-0.600000,-0.600000,-0.600000,-0.600000,-0.600000,-0.600000,0.600000,0.600000,0.600000,-0.600000,0.600000,-0.600000,-0.600000,-0.621416,-0.600000,-0.600000,-0.600000,0.600000,-0.600000,-0.600000
42,0.600000,-0.104623,1.000000,-0.600000,-0.600000,0.996034,-0.600000,-0.600000,-0.600000,0.600000,-0.994418,-0.600000,-0.600000,0.600000,-0.600000,-0.600000,-0.600000,-0.600000,-0.600000,-0.600000,0.600000,-0.600000,0.600000,-0.600000,-0.600000,-0.600000,0.600000,0.600000,-0.600000,-0.600000,-0.315442,-0.600000,0.600000,-0.941188,-0.600000,0.600000,-0.104623,0.600000,0.600000,-0.600000,-0.600000,0.600000,-0.600000,-0.600000,0.600000,-0.602400,0.600000,0.996151,0.600000,-0.600000,-0.600000,0.600000,-0.600000,-0.600000,-0.600000,-0.600000,-0.600000,-0.600000,0.600000,0.600000,0.600000,-0.600000,0.600000,-0.600000,-0.600000,-0.621416,-0.600000,-0.600000,-0.600000,0.600000,-0.600000,-0.600000
43,0.600000,-0.098677,1.000000,-0.600000,-0.600000,0.996518,-0.600000,-0.600000,-0.600000,0.600000,-0.994898,-0.600000,-0.600000,0.600000,-0.600000,-0.600000,-0.600000,-0.600000,-0.600000,-0.600000,0.600000,-0.600000,0.600000,-0.600000,-0.600000,-0.600000,0.600000,0.600000,-0.600000,-0.600000,-0.306861,-0.600000,0.600000,-0.945482,-0.600000,0.600000,-0.098677,0.600000,0.600000,-0.600000,-0.600000,0.600000,-0.600000,-0.600000,0.600000,-0.602400,0.600000,0.996655,0.600000,-0.600000,-0.600000,0.600000,-0.600000,-0.600000,-0.600000,-0.600000,-0.600000,-0.600000,0.600000,0.600000,0.600000,-0.600000,0.600000,-0.600000,-0.600000,-0.621416,-0.600000,-0.600000,-0.600000,0.600000,-0.600000,-0.600000
44,0.600000,-0.090941,1.000000,-0.600000,-0.600000,0.997093,-0.600000,-0.600000,-0.600000,0.600000,-0.995609,-0.600000,-0.600000,0.600000,-0.600000,-0.600000,-0.600000,-0.600000,-0.600000,-0.600000,0.600000,-0.600000,0.600000,-0.600000,-0.600000,-0.600000,0.600000,0.600000,-0.600000,-0.600000,-0.296320,-0.600000,0.600000,-0.950434,-0.600000,0.600000,-0.090941,0.600000,0.600000,-0.600000,-0.600000,0.600000,-0.600000,-0.600000,0.600000,-0.602400,0.600000,0.997262,0.600000,-0.600000,-0.600000,0.600000,-0.600000,-0.600000,-0.600000,-0.600000,-0.600000,-0.600000,0.600000,0.600000,0.600000,-0.600000,0.600000,-0.600000,-0.600000,-0.623769,-0.600000,-0.600000,-0.600000,0.600000,-0.600000,-0.600000
45,0.600000,-0.086091,1.000000,-0.600000,-0.600000,0.997422,-0.600000,-0.600000,-0.600000,0.600000,-0.996027,-0.600000,-0.600000,0.600000,-0.600000,-0.600000,-0.600000,-0.600000,-0.600000,-0.600000,0.600000,-0.600000,0.600000,-0.600000,-0.600000,-0.600000,0.600000,0.600000,-0.600000,-0.600000,-0.290096,-0.600000,0.600000,-0.953197,-0.600000,0.600000,-0.086091,0.600000,0.600000,-0.600000,-0.600000,0.600000,-0.600000,-0.600000,0.600000,-0.602400,0.600000,0.997573,0.600000,-0.600000,-0.600000,0.600000,-0.600000,-0.600000,-0.600000,-0.600000,-0.600000,-0.600000,0.600000,0.600000,0.600000,-0.600000,0.600000,-0.600000,-0.600000,-0.623769,-0.600000,-0.600000,-0.600000,0.600000,-0.600000,-0.600000
46,0.600000,-0.081477,1.000000,-0.600000,-0.600000,0.997714,-0.600000,-0.600000,-0.600000,0.600000,-0.996259,-0.600000,-0.600000,0.600000,-0.600000,-0.600000,-0.600000,-0.600000,-0.600000,-0.600000,0.600000,-0.600000,0.600000,-0.600000,-0.600000,-0.600000,0.600000,0.600000,-0.600000,-0.600000,-0.284970,-0.600000,0.600000,-0.955388,-0.600000,0.600000,-0.081477,0.600000,0.600000,-0.600000,-0.600000,0.600000,-0.600000,-0.600000,0.600000,-0.602400,0.600000,0.997848,0.600000,-0.600000,-0.600000,0.600000,-0.600000,-0.600000,-0.600000,-0.600000,-0.600000,-0.600000,0.600000,0.600000,0.600000,-0.600000,0.600000,-0.600000,-0.600000,-0.623769,-0.600000,-0.600000,-0.600000,0.600000,-0.600000,-0.600000
47,0.600000,-0.077089,1.000000,-0.600000,-0.600000,0.997973,-0.600000,-0.600000,-0.600000,0.600000,-0.996547,-0.600000,-0.600000,0.600000,-0.600000,-0.600000,-0.600000,-0.600000,-0.600000,-0.600000,0.600000,-0.600000,0.600000,-0.600000,-0.600000,-0.600000,0.600000,0.600000,-0.600000,-0.600000,-0.279897,-0.600000,0.600000,-0.957480,-0.600000,0.600000,-0.077089,0.600000,0.600000,-0.600000,-0.600000,0.600000,-0.600000,-0.600000,0.600000,-0.602400,0.600000,0.998092,0.600000,-0.600000,-0.600000,0.600000,-0.600000,-0.600000,-0.600000,-0.600000,-0.600000,-0.600000,0.600000,0.600000,0.600000,-0.600000,0.600000,-0.600000,-0.600000,-0.626116,-0.600000,-0.600000,-0.600000,0.600000,-0.600000,-0.600000
48,0.600000,-0.071243,1.000000,-0.600000,-0.600000,0.998291,-0.600000,-0.600000,-0.600000,0.600000,-0.996876,-0.600000,-0.600000,0.600000,-0.600000,-0.600000,-0.600000,-0.600000,-0.600000,-0.600000,0.600000,-0.600000,0.600000,-0.600000,-0.600000,-0.600000,0.600000,0.600000,-0.600000,-0.600000,-0.273884,-0.600000,0.600000,-0.959868,-0.600000,0.600000,-0.071243,0.600000,0.600000,-0.600000,-0.600000,0.600000,-0.600000,-0.600000,0.600000,-0.602400,0.600000,0.998391,0.600000,-0.600000,-0.600000,0.600000,-0.600000,-0.600000,-0.600000,-0.600000,-0.600000,-0.600000,0.600000,0.600000,0.600000,-0.600000,0.600000,-0.600000,-0.600000,-0.630792,-0.600000,-0.600000,-0.600000,0.600000,-0.600000,-0.600000
49,0.600000,-0.067051,1.000000,-0.600000,-0.600000,0.998500,-0.600000,-0.600000,-0.600000,0.600000,-0.997145,-0.600000,-0.600000,0.600000,-0.600000,-0.600000,-0.600000,-0.600000,-0.600000,-0.600000,0.600000,-0.600000,0.600000,-0.600000,-0.600000,-0.600000,0.600000,0.600000,-0.600000,-0.600000,-0.266971,-0.600000,0.600000,-0.962491,-0.600000,0.600000,-0.067051,0.600000,0.600000,-0.600000,-0.600000,0.600000,-0.600000,-0.600000,0.600000,-0.602400,0.600000,0.998588,0.600000,-0.600000,-0.600000,0.600000,-0.600000,-0.600000,-0.600000,-0.600000,-0.600000,-0.600000,0.600000,0.600000,0.600000,-0.600000,0.600000,-0.600000,-0.600000,-0.630792,-0.600000,-0.600000,-0.600000,0.600000,-0.600000,-0.600000
50,0.600000,-0.062794,1.000000,-0.600000,-0.600000,0.998697,-0.600000,-0.600000,-0.600000,0.600000,-0.997365,-0.600000,-0.600000,0.600000,-0.600000,-0.600000,-0.600000,-0.600000,-0.600000,-0.600000,0.600000,-0.600000,0.600000,-0.600000,-0.600000,-0.600000,0.600000,0.600000,-0.600000,-0.600000,-0.260170,-0.600000,0.600000,-0.964949,-0.600000,0.600000,-0.062794,0.600000,0.600000,-0.600000,-0.600000,0.600000,-0.600000,-0.600000,0.600000,-0.602400,0.600000,0.998773,0.600000,-0.600000,-0.600000,0.600000,-0.600000,-0.600000,-0.600000,-0.600000,-0.600000,-0.600000,0.600000,0.600000,0.600000,-0.600000,0.600000,-0.600000,-0.600000,-0.630792,-0.600000,-0.600000,-0.600000,0.600000,-0.600000,-0.600000
51,0.600000,-0.059347,1.000000,-0.600000,-0.600000,0.998845,-0.600000,-0.600000,-0.600000,0.600000,-0.997568,-0.600000,-0.600000,0.600000,-0.600000,-0.600000,-0.600000,-0.600000,-0.600000,-0.600000,0.600000,-0.600000,0.600000,-0.600000,-0.600000,-0.600000,0.600000,0.600000,-0.600000,-0.600000,-0.257290,-0.600000,0.600000,-0.965954,-0.600000,0.600000,-0.059347,0.600000,0.600000,-0.600000,-0.600000,0.600000,-0.600000,-0.600000,0.600000,-0.602400,0.600000,0.998912,0.600000,-0.600000,-0.600000,0.600000,-0.600000,-0.600000,-0.600000,-0.600000,-0.600000,-0.600000,0.600000,0.600000,0.600000,-0.600000,0.600000,-0.600000,-0.600000,-0.633121,-0.600000,-0.600000,-0.600000,0.600000,-0.600000,-0.600000
52,0.600000,-0.053483,1.000000,-0.600000,-0.600000,0.999074,-0.600000,-0.600000,-0.600000,0.600000,-0.997887,-0.600000,-0.600000,0.600000,-0.600000,-0.600000,-0.600000,-0.600000,-0.600000,-0.600000,0.600000,-0.600000,0.600000,-0.600000,-0.600000,-0.600000,0.600000,0.600000,-0.600000,-0.600000,-0.245978,-0.600000,0.600000,-0.969704,-0.600000,0.600000,-0.053483,0.600000,0.600000,-0.600000,-0.600000,0.600000,-0.600000,-0.600000,0.600000,-0.602400,0.600000,0.999128,0.600000,-0.600000,-0.600000,0.600000,-0.600000,-0.600000,-0.600000,-0.600000,-0.600000,-0.600000,0.600000,0.600000,0.600000,-0.600000,0.600000,-0.600000,-0.600000,-0.633121,-0.600000,-0.600000,-0.600000,0.600000,-0.600000,-0.600000
53,0.600000,-0.050519,1.000000,-0.600000,-0.600000,0.999179,-0.600000,-0.600000,-0.600000,0.600000,-0.998050,-0.600000,-0.600000,0.600000,-0.600000,-0.600000,-0.600000,-0.600000,-0.600000,-0.600000,0.600000,-0.600000,0.600000,-0.600000,-0.600000,-0.600000,0.600000,0.600000,-0.600000,-0.600000,-0.240450,-0.600000,0.600000,-0.971426,-0.600000,0.600000,-0.050519,0.600000,0.600000,-0.600000,-0.600000,0.600000,-0.600000,-0.600000,0.600000,-0.602400,0.600000,0.999227,0.600000,-0.600000,-0.600000,0.600000,-0.600000,-0.600000,-0.600000,-0.600000,-0.600000,-0.600000,0.600000,0.600000,0.600000,-0.600000,0.600000,-0.600000,-0.600000,-0.633121,-0.600000,-0.600000,-0.600000,0.600000,-0.600000,-0.600000
54,0.600000,-0.046143,1.000000,-0.600000,-0.600000,0.999321,-0.600000,-0.600000,-0.600000,0.600000,-0.998288,-0.600000,-0.600000,0.600000,-0.600000,-0.600000,-0.600000,-0.600000,-0.600000,-0.600000,0.600000,-0.600000,0.600000,-0.600000,-0.600000,-0.600000,0.600000,0.600000,-0.600000,-0.600000,-0.232317,-0.600000,0.600000,-0.973832,-0.600000,0.600000,-0.046143,0.600000,0.600000,-0.600000,-0.600000,0.600000,-0.600000,-0.600000,0.600000,-0.602400,0.600000,0.999361,0.600000,-0.600000,-0.600000,0.600000,-0.600000,-0.600000,-0.600000,-0.600000,-0.600000,-0.600000,0.600000,0.600000,0.600000,-0.600000,0.600000,-0.600000,-0.600000,-0.633121,-0.600000,-0.600000,-0.600000,0.600000,-0.600000,-0.600000
55,0.600000,-0.042128,1.000000,-0.600000,-0.600000,0.999439,-0.600000,-0.600000,-0.600000,0.600000,-0.998498,-0.600000,-0.600000,0.600000,-0.600000,-0.600000,-0.600000,-0.600000,-0.600000,-0.600000,0.600000,-0.600000,0.600000,-0.600000,-0.600000,-0.600000,0.600000,0.600000,-0.600000,-0.600000,-0.224377,-0.600000,0.600000,-0.976040,-0.600000,0.600000,-0.042128,0.600000,0.600000,-0.600000,-0.600000,0.600000,-0.600000,-0.600000,0.600000,-0.602400,0.600000,0.999472,0.600000,-0.600000,-0.600000,0.600000,-0.600000,-0.600000,-0.600000,-0.600000,-0.600000,-0.600000,0.600000,0.600000,0.600000,-0.600000,0.600000,-0.600000,-0.600000,-0.635443,-0.600000,-0.600000,-0.600000,0.600000,-0.600000,-0.600000
