tick,food_sensed_N,food_sensed_E,food_sensed_S,food_sensed_W,movement,food_consumed,energy,manhattan_dist,decision_made,conn_0_2,conn_0_3,conn_0_5,conn_0_6,conn_0_7,conn_0_8,conn_0_9,conn_0_10,conn_1_2,conn_1_4,conn_1_7,conn_1_8,conn_2_1,conn_2_2,conn_2_6,conn_2_8,conn_2_9,conn_2_10,conn_3_0,conn_3_3,conn_3_8,conn_3_9,conn_4_0,conn_4_1,conn_4_2,conn_4_5,conn_4_6,conn_4_7,conn_4_8,conn_4_9,conn_4_10,conn_5_0,conn_5_1,conn_5_3,conn_5_5,conn_5_6,conn_5_9,conn_5_10,conn_6_0,conn_6_1,conn_6_2,conn_6_4,conn_6_8,conn_7_0,conn_7_1,conn_7_2,conn_7_3,conn_7_4,conn_7_5,conn_7_6,conn_7_8,conn_7_9,conn_8_1,conn_8_2,conn_8_3,conn_8_5,conn_8_6,conn_8_8,conn_8_10,conn_9_3,conn_9_5,conn_9_8,conn_9_9,conn_9_10,conn_10_0,conn_10_1,conn_10_3,conn_10_4,conn_10_5,conn_10_6,conn_10_8,conn_10_10
0,0,0,0,0,stay,0,30,0,0,0.600000,-0.600000,1.000000,0.600000,-0.600000,0.600000,-0.600000,-0.600000,-0.600000,-0.600000,0.600000,-0.600000,-0.600000,-0.600000,0.600000,-0.600000,-0.600000,-0.600000,-0.600000,0.600000,0.600000,-0.600000,0.600000,0.600000,-0.600000,0.600000,-0.600000,-0.600000,-0.600000,-0.600000,-0.600000,-0.600000,0.600000,-0.600000,-0.600000,-0.600000,0.600000,0.600000,-0.600000,-0.600000,0.600000,-0.600000,-0.600000,-0.600000,-0.600000,-0.600000,-0.600000,0.600000,-0.600000,-0.600000,0.600000,-0.600000,-0.600000,-0.600000,-0.600000,-0.600000,-0.600000,-0.600000,-0.600000,-0.600000,0.600000,0.600000,-0.600000,0.600000,0.600000,-0.600000,0.600000,0.600000,0.600000,-0.600000,-0.600000,-0.600000
1,0,0,0,0,stay,0,29,0,1,0.601201,-0.593988,1.000000,0.611945,-0.600000,0.591578,-0.600000,-0.598800,-0.600000,-0.593988,0.596398,-0.600000,-0.601200,-0.600000,0.600000,-0.600000,-0.600000,-0.601200,-0.598800,0.600000,0.600000,-0.600000,0.603596,0.600000,-0.604793,0.600000,-0.600000,-0.602400,-0.600000,-0.602399,-0.600000,-0.601201,0.605988,-0.610755,-0.609567,-0.600000,0.604793,0.600000,-0.598800,-0.600000,0.600000,-0.600000,-0.601200,-0.604793,-0.598800,-0.589162,-0.583102,0.600000,-0.600000,-0.605988,0.601201,-0.596396,-0.600000,-0.600000,-0.603596,-0.600000,-0.602405,-0.598801,-0.596396,-0.600000,0.597599,0.600000,-0.600000,0.590370,0.596396,-0.600000,0.603596,0.595193,0.601200,-0.600000,-0.595193,-0.600000
2,0,0,0,0,stay,1,29,0,1,0.603604,-0.581881,1.000000,0.626105,-0.600000,0.587955,-0.600000,-0.591577,-0.600000,-0.579447,0.591579,-0.600000,-0.604793,-0.602399,0.600000,-0.600000,-0.600000,-0.605988,-0.596398,0.600000,0.600000,-0.600000,0.607182,0.600000,-0.605988,0.597599,-0.600000,-0.610758,-0.600000,-0.603596,-0.600000,-0.598802,0.620230,-0.620227,-0.630781,-0.600000,0.614317,0.600000,-0.593988,-0.600000,0.600000,-0.597599,-0.605988,-0.615502,-0.595193,-0.573349,-0.561087,0.600000,-0.600000,-0.617867,0.592786,-0.589159,-0.600000,-0.600000,-0.615503,-0.600000,-0.598818,-0.604796,-0.589158,-0.600000,0.593988,0.602399,-0.600000,0.570904,0.589158,-0.600000,0.613131,0.593988,0.601200,-0.600000,-0.585524,-0.600000
3,0,0,0,0,stay,0,28,0,1,0.608387,-0.569673,1.000000,0.638899,-0.600000,0.585535,-0.600000,-0.584313,-0.600000,-0.564765,0.585530,-0.600000,-0.608374,-0.604793,0.600000,-0.600000,-0.600000,-0.610755,-0.593990,0.600000,0.600000,-0.600000,0.610755,0.600000,-0.605988,0.595193,-0.600000,-0.617871,-0.600000,-0.604793,-0.600000,-0.595195,0.635428,-0.628441,-0.650368,-0.600000,0.624929,0.600000,-0.589158,-0.600000,0.600000,-0.595193,-0.610755,-0.626101,-0.591575,-0.558616,-0.540066,0.600000,-0.600000,-0.629608,0.583100,-0.583098,-0.600000,-0.600000,-0.626104,-0.600000,-0.592809,-0.611948,-0.581881,-0.600000,0.590367,0.604793,-0.600000,0.551214,0.581881,-0.600000,0.621405,0.593988,0.601200,-0.600000,-0.574567,-0.600000
4,0,0,0,0,stay,0,27,0,1,0.617886,-0.556146,1.000000,0.653768,-0.600000,0.578244,-0.600000,-0.575793,-0.600000,-0.547493,0.577016,-0.600000,-0.615502,-0.608374,0.600000,-0.600000,-0.600000,-0.615502,-0.592786,0.600000,0.600000,-0.600000,0.615502,0.600000,-0.607182,0.591575,-0.600000,-0.621413,-0.600000,-0.608374,-0.600000,-0.591579,0.652637,-0.638893,-0.669461,-0.600000,0.637738,0.600000,-0.584311,-0.600000,0.600000,-0.591575,-0.615502,-0.635423,-0.584311,-0.540055,-0.515153,0.600000,-0.600000,-0.642349,0.573350,-0.579451,-0.600000,-0.600000,-0.636585,-0.600000,-0.585560,-0.617872,-0.574567,-0.600000,0.585524,0.608374,-0.600000,0.530113,0.574567,-0.600000,0.628441,0.592782,0.601200,-0.600000,-0.561076,-0.600000
5,0,0,0,0,stay,0,26,0,1,0.622604,-0.547493,1.000000,0.665009,-0.600000,0.572143,-0.600000,-0.570903,-0.600000,-0.537567,0.572130,-0.600000,-0.621405,-0.609565,0.600000,-0.600000,-0.600000,-0.619048,-0.590371,0.600000,0.600000,-0.600000,0.622581,0.600000,-0.609565,0.590367,-0.600000,-0.621418,-0.600000,-0.615502,-0.600000,-0.586740,0.663896,-0.646934,-0.681531,-0.600000,0.645790,0.600000,-0.580664,-0.600000,0.600000,-0.590367,-0.619048,-0.638896,-0.578228,-0.527616,-0.497659,0.600000,-0.600000,-0.650355,0.567227,-0.575794,-0.600000,-0.600000,-0.642353,-0.600000,-0.578271,-0.622589,-0.567221,-0.600000,0.580664,0.609565,-0.600000,0.513899,0.567221,-0.600000,0.633102,0.590367,0.603596,-0.600000,-0.552441,-0.600000
6,0,0,0,0,stay,0,25,0,1,0.627302,-0.533837,1.000000,0.678254,-0.600000,0.567249,-0.600000,-0.563543,-0.600000,-0.521378,0.566002,-0.600000,-0.627272,-0.611944,0.600000,-0.600000,-0.600000,-0.623756,-0.587951,0.600000,0.600000,-0.600000,0.627272,0.600000,-0.611944,0.587948,-0.600000,-0.626119,-0.600000,-0.620227,-0.600000,-0.584315,0.678260,-0.656023,-0.700764,-0.600000,0.656023,0.600000,-0.575789,-0.600000,0.600000,-0.587948,-0.623756,-0.648079,-0.572122,-0.508895,-0.473930,0.600000,-0.600000,-0.662766,0.558620,-0.569679,-0.600000,-0.600000,-0.652633,-0.600000,-0.572175,-0.628451,-0.558612,-0.600000,0.577010,0.611944,-0.600000,0.491403,0.558612,-0.600000,0.641199,0.587948,0.604793,-0.600000,-0.541293,-0.600000
7,0,0,0,0,stay,0,24,0,1,0.637773,-0.521378,1.000000,0.689080,-0.600000,0.567253,-0.600000,-0.553685,-0.600000,-0.503892,0.558622,-0.600000,-0.634263,-0.616685,0.600000,-0.600000,-0.600000,-0.628441,-0.587955,0.600000,0.600000,-0.600000,0.633102,0.600000,-0.614317,0.583096,-0.600000,-0.629629,-0.600000,-0.624929,-0.600000,-0.580669,0.693361,-0.662766,-0.716271,-0.600000,0.667225,0.600000,-0.570898,-0.600000,0.600000,-0.583096,-0.628441,-0.657154,-0.564765,-0.488898,-0.454031,0.600000,-0.600000,-0.673858,0.546264,-0.568455,-0.600000,-0.600000,-0.662775,-0.600000,-0.561135,-0.635437,-0.548731,-0.600000,0.573346,0.616685,-0.600000,0.468939,0.548731,-0.600000,0.646934,0.585524,0.607182,-0.600000,-0.528858,-0.600000
8,0,0,0,0,stay,0,23,0,1,0.638931,-0.515137,1.000000,0.695479,-0.600000,0.562342,-0.600000,-0.552449,-0.600000,-0.497642,0.553687,-0.600000,-0.637738,-0.616685,0.600000,-0.600000,-0.600000,-0.629608,-0.586743,0.600000,0.600000,-0.600000,0.636581,0.600000,-0.615502,0.583096,-0.600000,-0.630800,-0.600000,-0.628441,-0.600000,-0.578233,0.699709,-0.668335,-0.725341,-0.600000,0.672757,0.600000,-0.569673,-0.600000,0.600000,-0.583096,-0.629608,-0.659407,-0.561076,-0.481404,-0.441663,0.600000,-0.600000,-0.679333,0.542544,-0.563544,-0.600000,-0.600000,-0.667234,-0.600000,-0.557443,-0.638907,-0.543775,-0.600000,0.569674,0.616685,-0.600000,0.457748,0.543775,-0.600000,0.651492,0.584311,0.607182,-0.600000,-0.522625,-0.600000
9,0,0,0,0,stay,0,22,0,1,0.646975,-0.506391,1.000000,0.704934,-0.600000,0.553716,-0.600000,-0.547501,-0.600000,-0.487644,0.545026,-0.600000,-0.643498,-0.617867,0.600000,-0.600000,-0.600000,-0.633102,-0.584317,0.600000,0.600000,-0.600000,0.642349,0.600000,-0.617867,0.581881,-0.600000,-0.630806,-0.600000,-0.634263,-0.600000,-0.574572,0.713202,-0.674957,-0.736176,-0.600000,0.683678,0.600000,-0.565994,-0.600000,0.600000,-0.581881,-0.633102,-0.662770,-0.554912,-0.468933,-0.425692,0.600000,-0.600000,-0.686916,0.540063,-0.559853,-0.600000,-0.600000,-0.672766,-0.600000,-0.546324,-0.640064,-0.540052,-0.600000,0.564766,0.617867,-0.600000,0.445362,0.540052,-0.600000,0.656023,0.581881,0.608374,-0.600000,-0.510140,-0.600000
10,0,0,0,0,stay,0,21,0,1,0.653806,-0.496392,1.000000,0.714217,-0.600000,0.553719,-0.600000,-0.540061,-0.600000,-0.475161,0.537580,-0.600000,-0.648076,-0.620227,0.600000,-0.600000,-0.600000,-0.637738,-0.581888,0.600000,0.600000,-0.600000,0.648076,0.600000,-0.622581,0.579447,-0.600000,-0.635458,-0.600000,-0.638893,-0.600000,-0.573351,0.727324,-0.680422,-0.749563,-0.600000,0.694400,0.600000,-0.561076,-0.600000,0.600000,-0.579447,-0.637738,-0.669448,-0.549968,-0.451542,-0.409874,0.600000,-0.600000,-0.695461,0.533850,-0.554921,-0.600000,-0.600000,-0.681520,-0.600000,-0.533913,-0.643521,-0.531348,-0.600000,0.561078,0.620227,-0.600000,0.426912,0.531348,-0.600000,0.662766,0.577009,0.610755,-0.600000,-0.497642,-0.600000
11,0,0,0,0,S,0,19,1,1,0.659449,-0.490143,1.000000,0.720309,-0.600000,0.551249,-0.600000,-0.536333,-0.600000,-0.467684,0.531362,-0.600000,-0.650355,-0.621405,0.600000,-0.600000,-0.600000,-0.640047,-0.580673,0.600000,0.600000,-0.600000,0.651492,0.600000,-0.624929,0.578228,-0.600000,-0.637774,-0.600000,-0.640047,-0.600000,-0.572128,0.736167,-0.684759,-0.757008,-0.600000,0.701784,0.600000,-0.558612,-0.600000,0.600000,-0.578228,-0.640047,-0.673862,-0.547493,-0.441653,-0.399027,0.600000,-0.600000,-0.700735,0.531362,-0.552451,-0.600000,-0.600000,-0.685849,-0.600000,-0.526444,-0.644671,-0.527612,-0.600000,0.557381,0.621405,-0.600000,0.417151,0.527612,-0.600000,0.666113,0.574567,0.610755,-0.600000,-0.488893,-0.600000
12,0,0,0,0,stay,0,18,1,1,0.665054,-0.480151,1.000000,0.731271,-0.600000,0.543822,-0.600000,-0.530112,-0.600000,-0.455257,0.522639,-0.600000,-0.657151,-0.623756,0.600000,-0.600000,-0.600000,-0.643498,-0.579457,0.600000,0.600000,-0.600000,0.658277,0.600000,-0.627272,0.575789,-0.600000,-0.641241,-0.600000,-0.644645,-0.600000,-0.567227,0.748613,-0.693337,-0.770562,-0.600000,0.712152,0.600000,-0.554912,-0.600000,0.600000,-0.575789,-0.643498,-0.678246,-0.540052,-0.426909,-0.379988,0.600000,-0.600000,-0.709064,0.523887,-0.546265,-0.600000,-0.600000,-0.695472,-0.600000,-0.516468,-0.649246,-0.520130,-0.600000,0.549970,0.623756,-0.600000,0.400228,0.520130,-0.600000,0.673858,0.572122,0.610755,-0.600000,-0.476408,-0.600000
13,0,0,0,1,S,0,16,2,1,0.658344,-0.470175,1.000000,0.738101,-0.600000,0.547543,-0.600000,-0.530112,-0.600000,-0.445354,0.517648,-0.600000,-0.659402,-0.623756,0.600000,-0.600000,-0.600000,-0.643498,-0.579457,0.600000,0.600000,-0.600000,0.658277,0.600000,-0.627272,0.575789,-0.600000,-0.650400,-0.600000,-0.646934,-0.600000,-0.567227,0.752363,-0.700735,-0.786120,-0.600000,0.716239,0.600000,-0.554912,-0.600000,0.600000,-0.575789,-0.643498,-0.684764,-0.537567,-0.417149,-0.362466,0.600000,-0.600000,-0.717255,0.508905,-0.533848,-0.600000,-0.600000,-0.705967,-0.600000,-0.520214,-0.662795,-0.505142,-0.600000,0.549970,0.623756,-0.600000,0.376457,0.505142,-0.600000,0.684759,0.572122,0.610755,-0.600000,-0.471421,-0.600000
14,0,0,0,1,stay,0,15,2,1,0.650438,-0.457739,1.000000,0.742911,-0.600000,0.553732,-0.600000,-0.527621,-0.600000,-0.433035,0.511404,-0.600000,-0.669443,-0.623756,0.600000,-0.600000,-0.600000,-0.645790,-0.577019,0.600000,0.600000,-0.600000,0.662766,0.600000,-0.627272,0.575789,-0.600000,-0.656078,-0.600000,-0.657151,-0.600000,-0.562313,0.760667,-0.703875,-0.805646,-0.600000,0.723306,0.600000,-0.552441,-0.600000,0.600000,-0.575789,-0.645790,-0.685849,-0.526366,-0.405039,-0.347568,0.600000,-0.600000,-0.727295,0.487658,-0.516397,-0.600000,-0.600000,-0.720300,-0.600000,-0.510225,-0.681537,-0.483897,-0.600000,0.545016,0.623756,-0.600000,0.345297,0.483897,-0.600000,0.699685,0.572122,0.610755,-0.600000,-0.462708,-0.600000
15,0,0,0,1,W,0,13,3,1,0.647023,-0.449063,1.000000,0.754218,-0.600000,0.551261,-0.600000,-0.526375,-0.600000,-0.424460,0.511404,-0.600000,-0.669443,-0.623756,0.600000,-0.600000,-0.600000,-0.646934,-0.575798,0.600000,0.600000,-0.600000,0.667225,0.600000,-0.629608,0.575789,-0.600000,-0.660580,-0.600000,-0.660525,-0.600000,-0.559851,0.762485,-0.715220,-0.814133,-0.600000,0.724306,0.600000,-0.551205,-0.600000,0.600000,-0.575789,-0.646934,-0.693348,-0.526366,-0.394235,-0.327420,0.600000,-0.600000,-0.734189,0.478918,-0.511401,-0.600000,-0.600000,-0.724316,-0.600000,-0.517720,-0.689092,-0.472667,-0.600000,0.543776,0.623756,-0.600000,0.327415,0.472667,-0.600000,0.703875,0.569673,0.614317,-0.600000,-0.461465,-0.600000
16,0,0,0,1,stay,1,29,3,1,0.637843,-0.431808,1.000000,0.763381,-0.600000,0.558677,-0.600000,-0.525128,-0.600000,-0.407449,0.503906,-0.600000,-0.673858,-0.623756,0.600000,-0.600000,-0.600000,-0.648076,-0.574577,0.600000,0.600000,-0.600000,0.671654,0.600000,-0.629608,0.575789,-0.600000,-0.672818,-0.600000,-0.664999,-0.600000,-0.554918,0.769665,-0.724306,-0.835136,-0.600000,0.731248,0.600000,-0.549968,-0.600000,0.600000,-0.575789,-0.648076,-0.703885,-0.521378,-0.377638,-0.302577,0.600000,-0.600000,-0.747640,0.455271,-0.492654,-0.600000,-0.600000,-0.739055,-0.600000,-0.515225,-0.709091,-0.449063,-0.600000,0.538812,0.623756,-0.600000,0.292107,0.449063,-0.600000,0.719281,0.569673,0.614317,-0.600000,-0.452778,-0.600000
17,0,0,0,1,stay,0,28,3,1,0.633215,-0.422018,1.000000,0.767873,-0.600000,0.561143,-0.600000,-0.525128,-0.600000,-0.397824,0.497656,-0.600000,-0.678242,-0.623756,0.600000,-0.600000,-0.600000,-0.648076,-0.574577,0.600000,0.600000,-0.600000,0.671654,0.600000,-0.629608,0.575789,-0.600000,-0.678308,-0.600000,-0.669443,-0.600000,-0.554918,0.774073,-0.729276,-0.846539,-0.600000,0.736138,0.600000,-0.549968,-0.600000,0.600000,-0.575789,-0.648076,-0.708043,-0.516385,-0.368278,-0.289017,0.600000,-0.600000,-0.755122,0.441665,-0.481411,-0.600000,-0.600000,-0.747650,-0.600000,-0.515226,-0.720317,-0.435493,-0.600000,0.538812,0.623756,-0.600000,0.272820,0.435493,-0.600000,0.728287,0.569673,0.614317,-0.600000,-0.446589,-0.600000
18,0,0,0,1,stay,0,27,3,1,0.627393,-0.413502,1.000000,0.771423,-0.600000,0.567293,-0.600000,-0.525128,-0.600000,-0.389466,0.492656,-0.600000,-0.680422,-0.623756,0.600000,-0.600000,-0.600000,-0.648076,-0.574577,0.600000,0.600000,-0.600000,0.671654,0.600000,-0.629608,0.575789,-0.600000,-0.685908,-0.600000,-0.671654,-0.600000,-0.554918,0.777556,-0.733211,-0.856674,-0.600000,0.740009,0.600000,-0.549968,-0.600000,0.600000,-0.575789,-0.648076,-0.713191,-0.513888,-0.360168,-0.277829,0.600000,-0.600000,-0.761544,0.428144,-0.470186,-0.600000,-0.600000,-0.756055,-0.600000,-0.515226,-0.731274,-0.422018,-0.600000,0.538812,0.623756,-0.600000,0.255298,0.422018,-0.600000,0.737110,0.569673,0.614317,-0.600000,-0.441650,-0.600000
19,0,0,0,1,stay,0,26,3,1,0.621534,-0.402628,1.000000,0.775807,-0.600000,0.573423,-0.600000,-0.525128,-0.600000,-0.378814,0.487658,-0.600000,-0.683678,-0.623756,0.600000,-0.600000,-0.600000,-0.648076,-0.574577,0.600000,0.600000,-0.600000,0.673858,0.600000,-0.629608,0.575789,-0.600000,-0.692347,-0.600000,-0.674957,-0.600000,-0.552448,0.781001,-0.738079,-0.867403,-0.600000,0.743843,0.600000,-0.549968,-0.600000,0.600000,-0.575789,-0.648076,-0.719295,-0.510140,-0.349857,-0.263980,0.600000,-0.600000,-0.769630,0.412303,-0.458991,-0.600000,-0.600000,-0.764270,-0.600000,-0.513978,-0.743868,-0.406242,-0.600000,0.536326,0.623756,-0.600000,0.234907,0.406242,-0.600000,0.745746,0.569673,0.614317,-0.600000,-0.436723,-0.600000
20,0,0,0,1,stay,0,25,3,1,0.616821,-0.394235,1.000000,0.780132,-0.600000,0.578313,-0.600000,-0.525128,-0.600000,-0.370609,0.482662,-0.600000,-0.686916,-0.623756,0.600000,-0.600000,-0.600000,-0.648076,-0.574577,0.600000,0.600000,-0.600000,0.676053,0.600000,-0.629608,0.575789,-0.600000,-0.697658,-0.600000,-0.678242,-0.600000,-0.549975,0.784407,-0.742888,-0.875818,-0.600000,0.747640,0.600000,-0.549968,-0.600000,0.600000,-0.575789,-0.648076,-0.723320,-0.506391,-0.341933,-0.252466,0.600000,-0.600000,-0.775785,0.397838,-0.449074,-0.600000,-0.600000,-0.771409,-0.600000,-0.512730,-0.755146,-0.391848,-0.600000,0.533839,0.623756,-0.600000,0.218226,0.391848,-0.600000,0.753265,0.569673,0.614317,-0.600000,-0.431808,-0.600000
21,0,0,0,1,stay,0,24,3,1,0.610899,-0.382353,1.000000,0.785241,-0.600000,0.585617,-0.600000,-0.525128,-0.600000,-0.359016,0.475175,-0.600000,-0.690136,-0.623756,0.600000,-0.600000,-0.600000,-0.648076,-0.574577,0.600000,0.600000,-0.600000,0.679333,0.600000,-0.629608,0.575789,-0.600000,-0.706042,-0.600000,-0.681509,-0.600000,-0.546260,0.789444,-0.748584,-0.886828,-0.600000,0.753265,0.600000,-0.549968,-0.600000,0.600000,-0.575789,-0.648076,-0.730277,-0.502642,-0.330763,-0.237639,0.600000,-0.600000,-0.784374,0.380006,-0.435504,-0.600000,-0.600000,-0.780976,-0.600000,-0.508983,-0.768764,-0.374117,-0.600000,0.530105,0.623756,-0.600000,0.197600,0.374117,-0.600000,0.763357,0.569673,0.614317,-0.600000,-0.424460,-0.600000
22,0,0,0,1,stay,0,23,3,1,0.604943,-0.374117,1.000000,0.791093,-0.600000,0.590465,-0.600000,-0.525128,-0.600000,-0.350996,0.470189,-0.600000,-0.691205,-0.623756,0.600000,-0.600000,-0.600000,-0.648076,-0.574577,0.600000,0.600000,-0.600000,0.679333,0.600000,-0.629608,0.575789,-0.600000,-0.714286,-0.600000,-0.682594,-0.600000,-0.546260,0.792754,-0.755122,-0.894634,-0.600000,0.756968,0.600000,-0.549968,-0.600000,0.600000,-0.575789,-0.648076,-0.736152,-0.501392,-0.323056,-0.225165,0.600000,-0.600000,-0.790243,0.365966,-0.424471,-0.600000,-0.600000,-0.788586,-0.600000,-0.512732,-0.779272,-0.360168,-0.600000,0.530105,0.623756,-0.600000,0.182930,0.360168,-0.600000,0.771400,0.569673,0.614317,-0.600000,-0.419580,-0.600000
23,0,0,0,1,stay,0,22,3,1,0.596553,-0.363634,1.000000,0.796015,-0.600000,0.596502,-0.600000,-0.525128,-0.600000,-0.340807,0.465209,-0.600000,-0.693337,-0.623756,0.600000,-0.600000,-0.600000,-0.648076,-0.574577,0.600000,0.600000,-0.600000,0.680422,0.600000,-0.629608,0.575789,-0.600000,-0.723395,-0.600000,-0.684759,-0.600000,-0.545021,0.796026,-0.760633,-0.903725,-0.600000,0.760633,0.600000,-0.549968,-0.600000,0.600000,-0.575789,-0.648076,-0.742902,-0.498892,-0.313285,-0.212320,0.600000,-0.600000,-0.797615,0.351009,-0.411089,-0.600000,-0.600000,-0.797623,-0.600000,-0.513982,-0.790264,-0.345318,-0.600000,0.528859,0.623756,-0.600000,0.167013,0.345318,-0.600000,0.780967,0.569673,0.614317,-0.600000,-0.414715,-0.600000
24,0,0,0,1,stay,0,21,3,1,0.591733,-0.354423,1.000000,0.798443,-0.600000,0.602510,-0.600000,-0.525128,-0.600000,-0.331872,0.458994,-0.600000,-0.696520,-0.623756,0.600000,-0.600000,-0.600000,-0.648076,-0.574577,0.600000,0.600000,-0.600000,0.680422,0.600000,-0.629608,0.575789,-0.600000,-0.729370,-0.600000,-0.687991,-0.600000,-0.545021,0.800061,-0.763357,-0.910894,-0.600000,0.765161,0.600000,-0.549968,-0.600000,0.600000,-0.575789,-0.648076,-0.747654,-0.495142,-0.304736,-0.203248,0.600000,-0.600000,-0.804005,0.338575,-0.400234,-0.600000,-0.600000,-0.804801,-0.600000,-0.511484,-0.799248,-0.332982,-0.600000,0.528859,0.623756,-0.600000,0.154173,0.332982,-0.600000,0.788578,0.569673,0.614317,-0.600000,-0.408658,-0.600000
25,0,0,0,1,stay,0,20,3,1,0.588107,-0.346450,1.000000,0.802442,-0.600000,0.607295,-0.600000,-0.525128,-0.600000,-0.324151,0.452792,-0.600000,-0.698632,-0.623756,0.600000,-0.600000,-0.600000,-0.648076,-0.574577,0.600000,0.600000,-0.600000,0.680422,0.600000,-0.630774,0.575789,-0.600000,-0.735263,-0.600000,-0.690136,-0.600000,-0.546261,0.804036,-0.767850,-0.916813,-0.600000,0.769630,0.600000,-0.549968,-0.600000,0.600000,-0.575789,-0.648076,-0.752347,-0.492642,-0.296318,-0.193683,0.600000,-0.600000,-0.809470,0.327461,-0.390667,-0.600000,-0.600000,-0.811018,-0.600000,-0.511484,-0.807162,-0.320870,-0.600000,0.528859,0.623756,-0.600000,0.142763,0.320870,-0.600000,0.795179,0.568448,0.614317,-0.600000,-0.402628,-0.600000
26,0,0,0,1,stay,0,19,3,1,0.584471,-0.336325,1.000000,0.805599,-0.600000,0.615617,-0.600000,-0.525128,-0.600000,-0.314362,0.446603,-0.600000,-0.700735,-0.623756,0.600000,-0.600000,-0.600000,-0.648076,-0.574577,0.600000,0.600000,-0.600000,0.683678,0.600000,-0.630774,0.575789,-0.600000,-0.741072,-0.600000,-0.692272,-0.600000,-0.542541,0.807951,-0.771400,-0.923092,-0.600000,0.774038,0.600000,-0.549968,-0.600000,0.600000,-0.575789,-0.648076,-0.758818,-0.490143,-0.287012,-0.183709,0.600000,-0.600000,-0.816324,0.313297,-0.381182,-0.600000,-0.600000,-0.817082,-0.600000,-0.506487,-0.817094,-0.306861,-0.600000,0.525121,0.623756,-0.600000,0.129782,0.306861,-0.600000,0.801627,0.568448,0.614317,-0.600000,-0.396627,-0.600000
27,0,0,0,1,stay,0,18,3,1,0.578389,-0.327448,1.000000,0.809490,-0.600000,0.621521,-0.600000,-0.525128,-0.600000,-0.305798,0.441664,-0.600000,-0.702830,-0.623756,0.600000,-0.600000,-0.600000,-0.648076,-0.574577,0.600000,0.600000,-0.600000,0.685838,0.600000,-0.630774,0.575789,-0.600000,-0.747744,-0.600000,-0.694400,-0.600000,-0.540059,0.811040,-0.775785,-0.928934,-0.600000,0.777522,0.600000,-0.549968,-0.600000,0.600000,-0.575789,-0.648076,-0.764273,-0.487644,-0.278888,-0.174137,0.600000,-0.600000,-0.822256,0.300523,-0.370619,-0.600000,-0.600000,-0.823722,-0.600000,-0.505237,-0.825905,-0.294237,-0.600000,0.522627,0.623756,-0.600000,0.118864,0.294237,-0.600000,0.808696,0.568448,0.614317,-0.600000,-0.391848,-0.600000
28,0,0,0,1,stay,0,17,3,1,0.572284,-0.319781,1.000000,0.814081,-0.600000,0.626220,-0.600000,-0.525128,-0.600000,-0.298411,0.436737,-0.600000,-0.704917,-0.623756,0.600000,-0.600000,-0.600000,-0.648076,-0.574577,0.600000,0.600000,-0.600000,0.687991,0.600000,-0.630774,0.575789,-0.600000,-0.754301,-0.600000,-0.696520,-0.600000,-0.537574,0.814091,-0.780967,-0.934055,-0.600000,0.780967,0.600000,-0.549968,-0.600000,0.600000,-0.575789,-0.648076,-0.768753,-0.485146,-0.271896,-0.164962,0.600000,-0.600000,-0.827321,0.288051,-0.360178,-0.600000,-0.600000,-0.830172,-0.600000,-0.505238,-0.834377,-0.281920,-0.600000,0.520132,0.623756,-0.600000,0.109238,0.281920,-0.600000,0.815572,0.568448,0.614317,-0.600000,-0.387090,-0.600000
29,0,0,0,1,stay,0,16,3,1,0.566156,-0.311135,1.000000,0.817841,-0.600000,0.632060,-0.600000,-0.525128,-0.600000,-0.290096,0.431822,-0.600000,-0.706995,-0.623756,0.600000,-0.600000,-0.600000,-0.648076,-0.574577,0.600000,0.600000,-0.600000,0.690136,0.600000,-0.630774,0.575789,-0.600000,-0.760743,-0.600000,-0.698632,-0.600000,-0.535088,0.817104,-0.785219,-0.939119,-0.600000,0.784374,0.600000,-0.549968,-0.600000,0.600000,-0.575789,-0.648076,-0.774051,-0.482648,-0.264041,-0.156179,0.600000,-0.600000,-0.832970,0.275891,-0.349867,-0.600000,-0.600000,-0.836432,-0.600000,-0.503988,-0.842517,-0.269920,-0.600000,0.517636,0.623756,-0.600000,0.099849,0.269920,-0.600000,0.822256,0.568448,0.614317,-0.600000,-0.382353,-0.600000
30,0,0,0,1,stay,0,15,3,1,0.561238,-0.302619,1.000000,0.821541,-0.600000,0.636707,-0.600000,-0.525128,-0.600000,-0.281920,0.426920,-0.600000,-0.710096,-0.623756,0.600000,-0.600000,-0.600000,-0.648076,-0.574577,0.600000,0.600000,-0.600000,0.691205,0.600000,-0.630774,0.575789,-0.600000,-0.765276,-0.600000,-0.701784,-0.600000,-0.533844,0.820078,-0.789412,-0.943551,-0.600000,0.787742,0.600000,-0.549968,-0.600000,0.600000,-0.575789,-0.648076,-0.778399,-0.478903,-0.256333,-0.147779,0.600000,-0.600000,-0.838471,0.264054,-0.340817,-0.600000,-0.600000,-0.841841,-0.600000,-0.503988,-0.850329,-0.258247,-0.600000,0.516387,0.623756,-0.600000,0.091183,0.258247,-0.600000,0.828036,0.568448,0.614317,-0.600000,-0.377638,-0.600000
31,0,0,0,1,stay,0,14,3,1,0.556309,-0.293198,1.000000,0.825904,-0.600000,0.642480,-0.600000,-0.525128,-0.600000,-0.272890,0.420812,-0.600000,-0.714200,-0.623756,0.600000,-0.600000,-0.600000,-0.648076,-0.574577,0.600000,0.600000,-0.600000,0.693337,0.600000,-0.630774,0.575789,-0.600000,-0.769753,-0.600000,-0.705957,-0.600000,-0.531355,0.823743,-0.794363,-0.948172,-0.600000,0.791898,0.600000,-0.549968,-0.600000,0.600000,-0.575789,-0.648076,-0.782687,-0.473914,-0.247839,-0.138554,0.600000,-0.600000,-0.844483,0.249722,-0.330773,-0.600000,-0.600000,-0.847750,-0.600000,-0.502739,-0.859641,-0.244126,-0.600000,0.513890,0.623756,-0.600000,0.081682,0.244126,-0.600000,0.834359,0.568448,0.614317,-0.600000,-0.371777,-0.600000
32,0,0,0,1,stay,0,13,3,1,0.550131,-0.283951,1.000000,0.828766,-0.600000,0.651623,-0.600000,-0.525128,-0.600000,-0.264043,0.414729,-0.600000,-0.715220,-0.623756,0.600000,-0.600000,-0.600000,-0.648076,-0.574577,0.600000,0.600000,-0.600000,0.695461,0.600000,-0.630774,0.575789,-0.600000,-0.777644,-0.600000,-0.706995,-0.600000,-0.528865,0.827350,-0.797615,-0.952665,-0.600000,0.795994,0.600000,-0.549968,-0.600000,0.600000,-0.575789,-0.648076,-0.789423,-0.472667,-0.239535,-0.130955,0.600000,-0.600000,-0.850312,0.237728,-0.319791,-0.600000,-0.600000,-0.854103,-0.600000,-0.498989,-0.867316,-0.232317,-0.600000,0.511391,0.623756,-0.600000,0.073772,0.232317,-0.600000,0.841166,0.568448,0.614317,-0.600000,-0.365953,-0.600000
33,0,0,0,1,stay,0,12,3,1,0.545178,-0.275880,1.000000,0.831590,-0.600000,0.657286,-0.600000,-0.525128,-0.600000,-0.256334,0.409881,-0.600000,-0.718269,-0.623756,0.600000,-0.600000,-0.600000,-0.648076,-0.574577,0.600000,0.600000,-0.600000,0.698632,0.600000,-0.630774,0.575789,-0.600000,-0.781950,-0.600000,-0.710096,-0.600000,-0.525126,0.830192,-0.800829,-0.956157,-0.600000,0.799227,0.600000,-0.549968,-0.600000,0.600000,-0.575789,-0.648076,-0.793555,-0.468930,-0.232315,-0.124256,0.600000,-0.600000,-0.855341,0.227012,-0.311145,-0.600000,-0.600000,-0.859026,-0.600000,-0.495239,-0.874082,-0.221774,-0.600000,0.507643,0.623756,-0.600000,0.067200,0.221774,-0.600000,0.846447,0.568448,0.614317,-0.600000,-0.361322,-0.600000
34,0,0,0,1,stay,0,11,3,1,0.537731,-0.262102,1.000000,0.837127,-0.600000,0.665145,-0.600000,-0.525128,-0.600000,-0.243203,0.400237,-0.600000,-0.725305,-0.623756,0.600000,-0.600000,-0.600000,-0.648076,-0.574577,0.600000,0.600000,-0.600000,0.704917,0.600000,-0.630774,0.575789,-0.600000,-0.787884,-0.600000,-0.717255,-0.600000,-0.517641,0.835766,-0.807142,-0.961683,-0.600000,0.805578,0.600000,-0.549968,-0.600000,0.600000,-0.575789,-0.648076,-0.799238,-0.460222,-0.220049,-0.112736,0.600000,-0.600000,-0.863804,0.208265,-0.296329,-0.600000,-0.600000,-0.867307,-0.600000,-0.487739,-0.885720,-0.203345,-0.600000,0.500144,0.623756,-0.600000,0.056720,0.203345,-0.600000,0.855341,0.568448,0.614317,-0.600000,-0.352137,-0.600000
35,0,0,0,1,stay,0,10,3,1,0.529022,-0.249711,1.000000,0.843180,-0.600000,0.672913,-0.600000,-0.525128,-0.600000,-0.231425,0.391861,-0.600000,-0.731248,-0.623756,0.600000,-0.600000,-0.600000,-0.648076,-0.574577,0.600000,0.600000,-0.600000,0.711125,0.600000,-0.630774,0.575789,-0.600000,-0.794516,-0.600000,-0.723306,-0.600000,-0.510147,0.840522,-0.814061,-0.966374,-0.600000,0.811010,0.600000,-0.549968,-0.600000,0.600000,-0.575789,-0.648076,-0.804804,-0.452778,-0.209081,-0.102160,0.600000,-0.600000,-0.871285,0.190683,-0.281929,-0.600000,-0.600000,-0.875172,-0.600000,-0.482742,-0.896411,-0.186080,-0.600000,0.492644,0.623756,-0.600000,0.048021,0.186080,-0.600000,0.863804,0.568448,0.614317,-0.600000,-0.344188,-0.600000
36,0,0,0,1,stay,0,9,3,1,0.521542,-0.240450,1.000000,0.847113,-0.600000,0.679495,-0.600000,-0.525128,-0.600000,-0.222639,0.385917,-0.600000,-0.735165,-0.623756,0.600000,-0.600000,-0.600000,-0.648076,-0.574577,0.600000,0.600000,-0.600000,0.715220,0.600000,-0.630774,0.575789,-0.600000,-0.800189,-0.600000,-0.727295,-0.600000,-0.505149,0.843850,-0.818566,-0.969636,-0.600000,0.814818,0.600000,-0.549968,-0.600000,0.600000,-0.575789,-0.648076,-0.809481,-0.447826,-0.200921,-0.095030,0.600000,-0.600000,-0.876799,0.178623,-0.270917,-0.600000,-0.600000,-0.881068,-0.600000,-0.478996,-0.903622,-0.174248,-0.600000,0.487646,0.623756,-0.600000,0.042394,0.174248,-0.600000,0.870157,0.568448,0.614317,-0.600000,-0.338562,-0.600000
37,0,0,0,1,stay,0,8,3,1,0.516550,-0.233211,1.000000,0.849690,-0.600000,0.684925,-0.600000,-0.525128,-0.600000,-0.215784,0.381185,-0.600000,-0.738079,-0.623756,0.600000,-0.600000,-0.600000,-0.648076,-0.574577,0.600000,0.600000,-0.600000,0.718269,0.600000,-0.630774,0.575789,-0.600000,-0.804169,-0.600000,-0.730263,-0.600000,-0.501399,0.846472,-0.821522,-0.971913,-0.600000,0.817821,0.600000,-0.549968,-0.600000,0.600000,-0.575789,-0.648076,-0.813313,-0.444119,-0.194566,-0.089977,0.600000,-0.600000,-0.881063,0.169975,-0.263080,-0.600000,-0.600000,-0.885204,-0.600000,-0.475252,-0.908732,-0.165769,-0.600000,0.483899,0.623756,-0.600000,0.038499,0.165769,-0.600000,0.874618,0.568448,0.614317,-0.600000,-0.334095,-0.600000
38,0,0,0,1,stay,0,7,3,1,0.511554,-0.227002,1.000000,0.852860,-0.600000,0.690304,-0.600000,-0.525128,-0.600000,-0.209912,0.375302,-0.600000,-0.740009,-0.623756,0.600000,-0.600000,-0.600000,-0.648076,-0.574577,0.600000,0.600000,-0.600000,0.720290,0.600000,-0.630774,0.575789,-0.600000,-0.809635,-0.600000,-0.732231,-0.600000,-0.498899,0.849699,-0.825164,-0.974024,-0.600000,0.821522,0.600000,-0.549968,-0.600000,0.600000,-0.575789,-0.648076,-0.817085,-0.441650,-0.189132,-0.085168,0.600000,-0.600000,-0.884689,0.161663,-0.254439,-0.600000,-0.600000,-0.889707,-0.600000,-0.472756,-0.913598,-0.157624,-0.600000,0.481401,0.623756,-0.600000,0.035120,0.157624,-0.600000,0.879479,0.568448,0.614317,-0.600000,-0.328551,-0.600000
39,0,0,0,1,stay,0,6,3,1,0.504057,-0.218337,1.000000,0.856592,-0.600000,0.697750,-0.600000,-0.525128,-0.600000,-0.201728,0.370622,-0.600000,-0.742888,-0.623756,0.600000,-0.600000,-0.600000,-0.648076,-0.574577,0.600000,0.600000,-0.600000,0.723306,0.600000,-0.630774,0.575789,-0.600000,-0.814987,-0.600000,-0.735165,-0.600000,-0.495149,0.852239,-0.829457,-0.976447,-0.600000,0.824441,0.600000,-0.549968,-0.600000,0.600000,-0.575789,-0.648076,-0.822266,-0.437954,-0.181571,-0.079118,0.600000,-0.600000,-0.889702,0.151095,-0.245059,-0.600000,-0.600000,-0.894528,-0.600000,-0.471508,-0.919720,-0.147273,-0.600000,0.477657,0.623756,-0.600000,0.030955,0.147273,-0.600000,0.884689,0.568448,0.614317,-0.600000,-0.324151,-0.600000
40,0,0,0,1,stay,0,5,3,1,0.495307,-0.209912,1.000000,0.862636,-0.600000,0.703010,-0.600000,-0.525128,-0.600000,-0.193784,0.364806,-0.600000,-0.746695,-0.623756,0.600000,-0.600000,-0.600000,-0.648076,-0.574577,0.600000,0.600000,-0.600000,0.727295,0.600000,-0.630774,0.575789,-0.600000,-0.820961,-0.600000,-0.740009,-0.600000,-0.490150,0.855365,-0.836426,-0.978857,-0.600000,0.828036,0.600000,-0.549968,-0.600000,0.600000,-0.575789,-0.648076,-0.826615,-0.433035,-0.174247,-0.072108,0.600000,-0.600000,-0.894523,0.139289,-0.234115,-0.600000,-0.600000,-0.900067,-0.600000,-0.472750,-0.926474,-0.135718,-0.600000,0.473915,0.623756,-0.600000,0.026874,0.135718,-0.600000,0.890681,0.568448,0.615502,-0.600000,-0.318693,-0.600000
41,0,0,0,1,stay,0,4,3,1,0.491557,-0.204158,1.000000,0.865577,-0.600000,0.707179,-0.600000,-0.525128,-0.600000,-0.188366,0.359029,-0.600000,-0.749525,-0.623756,0.600000,-0.600000,-0.600000,-0.648076,-0.574577,0.600000,0.600000,-0.600000,0.730263,0.600000,-0.630774,0.575789,-0.600000,-0.824619,-0.600000,-0.742888,-0.600000,-0.486402,0.858436,-0.839823,-0.980360,-0.600000,0.831572,0.600000,-0.549968,-0.600000,0.600000,-0.575789,-0.648076,-0.829467,-0.429355,-0.169260,-0.068181,0.600000,-0.600000,-0.897787,0.132237,-0.227010,-0.600000,-0.600000,-0.903615,-0.600000,-0.469010,-0.930466,-0.128820,-0.600000,0.470177,0.623756,-0.600000,0.024489,0.128820,-0.600000,0.894523,0.568448,0.615502,-0.600000,-0.313285,-0.600000
42,0,0,1,1,S,0,2,4,1,0.490308,-0.198521,1.000000,0.866738,-0.600000,0.707181,-0.600000,-0.525128,-0.600000,-0.183065,0.353292,-0.600000,-0.758806,-0.623756,0.600000,-0.600000,-0.600000,-0.648076,-0.574577,0.600000,0.600000,-0.600000,0.731248,0.600000,-0.630774,0.575789,-0.600000,-0.821715,-0.600000,-0.752334,-0.600000,-0.485153,0.861453,-0.841166,-0.981577,-0.600000,0.835051,0.600000,-0.549968,-0.600000,0.600000,-0.575789,-0.648076,-0.827341,-0.417146,-0.164388,-0.065368,0.600000,-0.600000,-0.900960,0.125491,-0.221782,-0.600000,-0.600000,-0.906201,-0.600000,-0.464030,-0.934257,-0.122223,-0.600000,0.468931,0.623756,-0.600000,0.022310,0.122223,-0.600000,0.897326,0.568448,0.615502,-0.600000,-0.307927,-0.600000
43,0,0,1,1,stay,0,1,4,1,0.490308,-0.193784,1.000000,0.866738,-0.600000,0.707181,-0.600000,-0.525128,-0.600000,-0.178614,0.346463,-0.600000,-0.769630,-0.623756,0.600000,-0.600000,-0.600000,-0.648076,-0.574577,0.600000,0.600000,-0.600000,0.731248,0.600000,-0.630774,0.575789,-0.600000,-0.817284,-0.600000,-0.763357,-0.600000,-0.485153,0.865001,-0.841166,-0.982633,-0.600000,0.839148,0.600000,-0.549968,-0.600000,0.600000,-0.575789,-0.648076,-0.823020,-0.402628,-0.160301,-0.063555,0.600000,-0.600000,-0.903610,0.119041,-0.216640,-0.600000,-0.600000,-0.908725,-0.600000,-0.456576,-0.937856,-0.115919,-0.600000,0.468931,0.623756,-0.600000,0.020422,0.115919,-0.600000,0.900062,0.568448,0.615502,-0.600000,-0.301564,-0.600000
44,0,0,1,1,stay,0,0,4,1,0.489058,-0.188366,1.000000,0.867891,-0.600000,0.707185,-0.600000,-0.525128,-0.600000,-0.173529,0.339697,-0.600000,-0.779249,-0.623756,0.600000,-0.600000,-0.600000,-0.648076,-0.574577,0.600000,0.600000,-0.600000,0.733211,0.600000,-0.630774,0.575789,-0.600000,-0.814288,-0.600000,-0.773161,-0.600000,-0.482655,0.868472,-0.842500,-0.983792,-0.600000,0.843163,0.600000,-0.549968,-0.600000,0.600000,-0.575789,-0.648076,-0.820096,-0.389466,-0.155638,-0.060921,0.600000,-0.600000,-0.906622,0.112379,-0.210751,-0.600000,-0.600000,-0.911593,-0.600000,-0.449139,-0.941546,-0.109409,-0.600000,0.466441,0.623756,-0.600000,0.018507,0.109409,-0.600000,0.903173,0.568448,0.615502,-0.600000,-0.295277,-0.600000
