tick,food_sensed_N,food_sensed_E,food_sensed_S,food_sensed_W,movement,food_consumed,energy,manhattan_dist,decision_made,conn_0_0,conn_0_3,conn_0_4,conn_0_5,conn_0_7,conn_0_9,conn_0_10,conn_1_0,conn_1_2,conn_1_3,conn_1_6,conn_1_8,conn_2_0,conn_2_1,conn_2_2,conn_2_4,conn_2_5,conn_2_6,conn_2_9,conn_3_1,conn_3_3,conn_3_4,conn_3_5,conn_3_6,conn_3_7,conn_3_10,conn_4_2,conn_4_5,conn_4_7,conn_4_8,conn_4_10,conn_5_1,conn_5_2,conn_5_3,conn_5_4,conn_5_7,conn_5_10,conn_6_0,conn_6_1,conn_6_3,conn_6_5,conn_6_6,conn_6_7,conn_6_8,conn_6_9,conn_6_10,conn_7_0,conn_7_2,conn_7_3,conn_7_4,conn_7_5,conn_7_6,conn_7_7,conn_7_8,conn_7_9,conn_7_10,conn_8_3,conn_8_6,conn_8_7,conn_8_10,conn_9_0,conn_9_2,conn_9_5,conn_9_6,conn_9_9,conn_9_10,conn_10_1,conn_10_3,conn_10_6,conn_10_7,conn_10_8,conn_10_10
0,0,0,0,0,stay,0,30,0,0,-0.600000,0.600000,0.600000,1.000000,-0.600000,-0.600000,0.600000,-0.600000,-0.600000,-0.600000,-0.600000,-0.600000,0.600000,-0.600000,-0.600000,0.600000,0.600000,-0.600000,-0.600000,-0.600000,0.600000,-0.600000,0.600000,0.600000,-0.600000,0.600000,-0.600000,-0.600000,0.600000,-0.600000,-0.600000,-0.600000,-0.600000,0.600000,-0.600000,-0.600000,-0.600000,-0.600000,0.600000,-0.600000,-0.600000,0.600000,-0.600000,0.600000,-0.600000,0.600000,0.600000,-0.600000,0.600000,0.600000,-0.600000,-0.600000,-0.600000,-0.600000,-0.600000,-0.600000,-0.600000,-0.600000,-0.600000,-0.600000,-0.600000,-0.600000,-0.600000,0.600000,-0.600000,0.600000,-0.600000,0.600000,0.600000,-0.600000,-0.600000,-0.600000
1,0,1,0,0,stay,0,29,0,1,-0.604793,0.589158,0.604793,1.000000,-0.600000,-0.600000,0.610755,-0.584315,-0.589158,-0.604793,-0.610755,-0.598800,0.600000,-0.593991,-0.602399,0.610755,0.600000,-0.604798,-0.600000,-0.600000,0.600000,-0.600000,0.602399,0.600000,-0.600000,0.597599,-0.600000,-0.600000,0.610755,-0.600000,-0.589158,-0.600000,-0.600000,0.604793,-0.600000,-0.600000,-0.595193,-0.598800,0.610755,-0.600000,-0.600000,0.600000,-0.600000,0.600000,-0.600000,0.600000,0.598800,-0.600000,0.600000,0.604793,-0.595193,-0.600000,-0.600000,-0.600000,-0.600000,-0.600000,-0.597599,-0.598800,-0.600000,-0.600000,-0.615506,-0.610755,-0.600000,0.610755,-0.600000,0.600000,-0.615507,0.600000,0.585527,-0.600000,-0.600000,-0.595193
2,0,0,0,0,N,0,27,1,1,-0.605988,0.574567,0.605988,1.000000,-0.600000,-0.600000,0.624929,-0.568453,-0.574567,-0.605988,-0.624929,-0.598800,0.600000,-0.593991,-0.602399,0.624929,0.600000,-0.617872,-0.600000,-0.600000,0.600000,-0.600000,0.602399,0.600000,-0.600000,0.597599,-0.600000,-0.600000,0.624929,-0.600000,-0.574567,-0.600000,-0.600000,0.605988,-0.600000,-0.600000,-0.593988,-0.598800,0.624929,-0.600000,-0.600000,0.600000,-0.600000,0.600000,-0.600000,0.600000,0.598800,-0.600000,0.600000,0.605988,-0.593988,-0.600000,-0.600000,-0.600000,-0.600000,-0.600000,-0.597599,-0.598800,-0.600000,-0.600000,-0.630779,-0.624929,-0.600000,0.624929,-0.600000,0.600000,-0.630781,0.600000,0.570900,-0.600000,-0.600000,-0.593988
3,0,1,0,1,N,0,25,2,1,-0.609565,0.564765,0.609565,1.000000,-0.600000,-0.600000,0.634263,-0.552452,-0.561076,-0.617867,-0.634263,-0.598800,0.600000,-0.592785,-0.602399,0.637738,0.600000,-0.615512,-0.600000,-0.600000,0.600000,-0.600000,0.602399,0.600000,-0.600000,0.597599,-0.600000,-0.600000,0.634263,-0.600000,-0.561076,-0.600000,-0.602399,0.617867,-0.600000,-0.600000,-0.590367,-0.598800,0.637738,-0.600000,-0.600000,0.600000,-0.600000,0.600000,-0.600000,0.600000,0.598800,-0.600000,0.600000,0.617867,-0.581881,-0.600000,-0.600000,-0.600000,-0.600000,-0.600000,-0.597599,-0.598800,-0.600000,-0.600000,-0.654912,-0.637738,-0.600000,0.637738,-0.600000,0.600000,-0.643509,0.600000,0.559847,-0.600000,-0.600000,-0.590367
4,0,0,0,0,N,0,23,3,1,-0.609565,0.552441,0.609565,1.000000,-0.600000,-0.600000,0.645790,-0.538821,-0.551205,-0.619048,-0.645790,-0.598800,0.600000,-0.584314,-0.603596,0.646934,0.600000,-0.626111,-0.600000,-0.600000,0.600000,-0.600000,0.603596,0.600000,-0.600000,0.596396,-0.600000,-0.600000,0.645790,-0.600000,-0.551205,-0.600000,-0.603596,0.619048,-0.600000,-0.600000,-0.590367,-0.597599,0.646934,-0.600000,-0.600000,0.600000,-0.600000,0.600000,-0.600000,0.600000,0.598800,-0.600000,0.600000,0.619048,-0.580664,-0.600000,-0.600000,-0.600000,-0.600000,-0.600000,-0.596396,-0.598800,-0.600000,-0.600000,-0.665018,-0.646934,-0.600000,0.646934,-0.600000,0.600000,-0.654903,0.600000,0.540057,-0.600000,-0.600000,-0.590367
5,1,0,0,0,N,0,21,4,1,-0.609565,0.538810,0.609565,1.000000,-0.600000,-0.600000,0.658277,-0.512653,-0.546254,-0.619048,-0.658277,-0.598800,0.600000,-0.583100,-0.603596,0.651492,0.600000,-0.638903,-0.600000,-0.600000,0.600000,-0.600000,0.603596,0.600000,-0.600000,0.596396,-0.600000,-0.600000,0.658277,-0.600000,-0.546254,-0.600000,-0.615502,0.619048,-0.600000,-0.600000,-0.590367,-0.597599,0.651492,-0.600000,-0.600000,0.600000,-0.600000,0.600000,-0.600000,0.600000,0.598800,-0.600000,0.600000,0.619048,-0.580664,-0.600000,-0.600000,-0.600000,-0.600000,-0.600000,-0.596396,-0.598800,-0.600000,-0.600000,-0.669462,-0.651492,-0.600000,0.651492,-0.600000,0.600000,-0.667235,0.600000,0.525125,-0.600000,-0.600000,-0.590367
6,1,1,0,0,N,0,19,5,1,-0.613131,0.528858,0.613131,1.000000,-0.600000,-0.600000,0.667225,-0.492657,-0.538810,-0.620227,-0.667225,-0.596399,0.600000,-0.568455,-0.610755,0.658277,0.600000,-0.642362,-0.600000,-0.600000,0.600000,-0.600000,0.610755,0.600000,-0.600000,0.589158,-0.602399,-0.597599,0.667225,-0.600000,-0.541293,-0.602399,-0.621405,0.620227,-0.600000,-0.600000,-0.586737,-0.597604,0.658277,-0.600000,-0.600000,0.600000,-0.597599,0.600000,-0.600000,0.600000,0.593988,-0.600000,0.600000,0.620227,-0.579447,-0.600000,-0.600000,-0.600000,-0.600000,-0.600000,-0.589158,-0.593988,-0.600000,-0.597599,-0.677167,-0.658277,-0.600000,0.658277,-0.600000,0.600000,-0.679349,0.600000,0.507647,-0.600000,-0.600000,-0.586737
7,1,1,0,0,stay,1,29,5,1,-0.619048,0.513888,0.619048,1.000000,-0.597599,-0.600000,0.680422,-0.463962,-0.527612,-0.624929,-0.680422,-0.596400,0.600000,-0.556155,-0.614317,0.666113,0.600000,-0.650371,-0.600000,-0.602399,0.600000,-0.600000,0.614317,0.600000,-0.600000,0.585524,-0.603596,-0.596396,0.680422,-0.600000,-0.533837,-0.603596,-0.628441,0.624929,-0.600000,-0.600000,-0.580664,-0.596402,0.666113,-0.600000,-0.602399,0.600000,-0.596396,0.600000,-0.600000,0.600000,0.592782,-0.597599,0.600000,0.624929,-0.574567,-0.600000,-0.600000,-0.600000,-0.600000,-0.600000,-0.583096,-0.592782,-0.600000,-0.596396,-0.689083,-0.666113,-0.600000,0.668335,-0.597599,0.600000,-0.697601,0.602399,0.483903,-0.600000,-0.600000,-0.580664
8,0,0,0,0,E,0,27,6,1,-0.619048,0.500142,0.619048,1.000000,-0.597599,-0.600000,0.692272,-0.450311,-0.513888,-0.626101,-0.692272,-0.592786,0.600000,-0.537578,-0.617867,0.678242,0.600000,-0.658295,-0.600000,-0.602399,0.600000,-0.600000,0.617867,0.600000,-0.600000,0.581881,-0.603596,-0.596396,0.692272,-0.600000,-0.520130,-0.603596,-0.628441,0.626101,-0.600000,-0.600000,-0.580664,-0.596406,0.678242,-0.600000,-0.602399,0.600000,-0.596396,0.600000,-0.600000,0.600000,0.589158,-0.597599,0.600000,0.626101,-0.573345,-0.600000,-0.600000,-0.600000,-0.600000,-0.600000,-0.579447,-0.589158,-0.600000,-0.596396,-0.701802,-0.678242,-0.600000,0.680422,-0.597599,0.600000,-0.709087,0.602399,0.455259,-0.600000,-0.600000,-0.580664
9,0,0,1,1,N,0,25,7,1,-0.619048,0.485146,0.619048,1.000000,-0.597599,-0.600000,0.704917,-0.435504,-0.498892,-0.627272,-0.704917,-0.592786,0.600000,-0.522636,-0.617867,0.691205,0.600000,-0.670567,-0.600000,-0.602399,0.600000,-0.600000,0.617867,0.600000,-0.600000,0.581881,-0.603596,-0.596396,0.704917,-0.600000,-0.505142,-0.603596,-0.628441,0.627272,-0.600000,-0.600000,-0.580664,-0.596406,0.691205,-0.600000,-0.602399,0.600000,-0.596396,0.600000,-0.600000,0.600000,0.589158,-0.597599,0.600000,0.627272,-0.572122,-0.600000,-0.600000,-0.600000,-0.600000,-0.600000,-0.579447,-0.589158,-0.600000,-0.596396,-0.715240,-0.691205,-0.600000,0.693337,-0.597599,0.600000,-0.721320,0.602399,0.425676,-0.600000,-0.600000,-0.580664
10,1,1,0,0,N,0,23,8,1,-0.624929,0.468930,0.624929,1.000000,-0.597599,-0.600000,0.718269,-0.412293,-0.485146,-0.629608,-0.718269,-0.592786,0.600000,-0.505153,-0.622581,0.702830,0.600000,-0.682614,-0.600000,-0.602399,0.600000,-0.600000,0.622581,0.600000,-0.600000,0.577009,-0.603596,-0.596396,0.718269,-0.600000,-0.491393,-0.603596,-0.629608,0.629608,-0.600000,-0.600000,-0.574567,-0.591585,0.702830,-0.600000,-0.602399,0.600000,-0.596396,0.600000,-0.600000,0.600000,0.589158,-0.597599,0.600000,0.629608,-0.569673,-0.600000,-0.600000,-0.600000,-0.600000,-0.600000,-0.574567,-0.589158,-0.600000,-0.596396,-0.728306,-0.702830,-0.600000,0.704917,-0.597599,0.600000,-0.739078,0.602399,0.397808,-0.600000,-0.600000,-0.574567
11,1,1,0,0,stay,0,22,8,1,-0.631939,0.450300,0.631939,1.000000,-0.597599,-0.600000,0.733211,-0.387086,-0.467684,-0.630774,-0.733211,-0.592786,0.600000,-0.478914,-0.629608,0.717255,0.600000,-0.697596,-0.600000,-0.602399,0.600000,-0.600000,0.629608,0.600000,-0.600000,0.569673,-0.603596,-0.596396,0.733211,-0.600000,-0.473914,-0.603596,-0.629608,0.630774,-0.600000,-0.600000,-0.567221,-0.584320,0.717255,-0.600000,-0.602399,0.600000,-0.596396,0.600000,-0.600000,0.600000,0.589158,-0.597599,0.600000,0.630774,-0.568448,-0.600000,-0.600000,-0.600000,-0.600000,-0.600000,-0.567221,-0.589158,-0.600000,-0.596396,-0.742907,-0.717255,-0.600000,0.719281,-0.597599,0.600000,-0.758850,0.602399,0.362443,-0.600000,-0.600000,-0.567221
12,1,1,0,0,stay,0,21,8,1,-0.637738,0.435493,0.637738,1.000000,-0.597599,-0.600000,0.744796,-0.367105,-0.452778,-0.630774,-0.744796,-0.592786,0.600000,-0.458989,-0.634263,0.729276,0.600000,-0.710114,-0.600000,-0.602399,0.600000,-0.600000,0.634263,0.600000,-0.600000,0.564765,-0.603596,-0.596396,0.744796,-0.600000,-0.458980,-0.603596,-0.629608,0.630774,-0.600000,-0.600000,-0.561076,-0.579456,0.729276,-0.600000,-0.602399,0.600000,-0.596396,0.600000,-0.600000,0.600000,0.589158,-0.597599,0.600000,0.630774,-0.568448,-0.600000,-0.600000,-0.600000,-0.600000,-0.600000,-0.562307,-0.589158,-0.600000,-0.596396,-0.754213,-0.729276,-0.600000,0.731248,-0.597599,0.600000,-0.774093,0.602399,0.335156,-0.600000,-0.600000,-0.561076
13,0,0,0,0,N,0,19,9,1,-0.638893,0.420799,0.638893,1.000000,-0.597599,-0.600000,0.756046,-0.352125,-0.437954,-0.630774,-0.756046,-0.589162,0.600000,-0.439192,-0.638893,0.740971,0.600000,-0.719299,-0.600000,-0.602399,0.600000,-0.600000,0.638893,0.600000,-0.600000,0.559845,-0.603596,-0.596396,0.756046,-0.600000,-0.444119,-0.603596,-0.629608,0.630774,-0.600000,-0.600000,-0.559845,-0.578240,0.740971,-0.600000,-0.602399,0.600000,-0.596396,0.600000,-0.600000,0.600000,0.585524,-0.597599,0.600000,0.630774,-0.568448,-0.600000,-0.600000,-0.600000,-0.600000,-0.600000,-0.557380,-0.585524,-0.600000,-0.596396,-0.765179,-0.740971,-0.600000,0.742888,-0.597599,0.600000,-0.785274,0.602399,0.308920,-0.600000,-0.600000,-0.559845
14,0,0,0,0,stay,1,29,9,1,-0.638893,0.406242,0.638893,1.000000,-0.597599,-0.600000,0.766956,-0.338551,-0.423239,-0.630774,-0.766956,-0.589162,0.600000,-0.425689,-0.638893,0.752334,0.600000,-0.731266,-0.600000,-0.602399,0.600000,-0.600000,0.638893,0.600000,-0.600000,0.559845,-0.603596,-0.596396,0.766956,-0.600000,-0.429355,-0.603596,-0.629608,0.630774,-0.600000,-0.600000,-0.559845,-0.578240,0.752334,-0.600000,-0.602399,0.600000,-0.596396,0.600000,-0.600000,0.600000,0.585524,-0.597599,0.600000,0.630774,-0.568448,-0.600000,-0.600000,-0.600000,-0.600000,-0.600000,-0.557380,-0.585524,-0.600000,-0.596396,-0.775802,-0.752334,-0.600000,0.754195,-0.597599,0.600000,-0.795232,0.602399,0.284876,-0.600000,-0.600000,-0.559845
15,1,0,0,0,N,0,27,10,1,-0.638893,0.393041,0.638893,1.000000,-0.597599,-0.600000,0.776655,-0.320850,-0.417146,-0.630774,-0.776655,-0.590372,0.600000,-0.415934,-0.642349,0.756968,0.600000,-0.741948,-0.600000,-0.602399,0.600000,-0.600000,0.642349,0.600000,-0.600000,0.556146,-0.604793,-0.595193,0.776655,-0.600000,-0.424460,-0.604793,-0.635423,0.630774,-0.600000,-0.600000,-0.559845,-0.575801,0.756968,-0.600000,-0.602399,0.600000,-0.595193,0.600000,-0.600000,0.600000,0.585524,-0.597599,0.600000,0.630774,-0.568448,-0.600000,-0.600000,-0.600000,-0.600000,-0.600000,-0.553677,-0.585524,-0.600000,-0.595193,-0.780126,-0.756968,-0.600000,0.758806,-0.597599,0.600000,-0.804056,0.602399,0.268841,-0.600000,-0.600000,-0.559845
16,1,0,0,0,stay,0,26,10,1,-0.638893,0.383535,0.638893,1.000000,-0.597599,-0.600000,0.783526,-0.304705,-0.414715,-0.630774,-0.783526,-0.590372,0.600000,-0.411081,-0.643498,0.758806,0.600000,-0.749541,-0.600000,-0.602399,0.600000,-0.600000,0.643498,0.600000,-0.600000,0.554912,-0.604793,-0.595193,0.783526,-0.600000,-0.422018,-0.604793,-0.643498,0.630774,-0.600000,-0.600000,-0.559845,-0.574580,0.758806,-0.600000,-0.602399,0.600000,-0.595193,0.600000,-0.600000,0.600000,0.585524,-0.597599,0.600000,0.630774,-0.568448,-0.600000,-0.600000,-0.600000,-0.600000,-0.600000,-0.552441,-0.585524,-0.600000,-0.595193,-0.781839,-0.758806,-0.600000,0.760633,-0.597599,0.600000,-0.810291,0.602399,0.258153,-0.600000,-0.600000,-0.559845
17,1,0,0,0,stay,0,25,10,1,-0.638893,0.369443,0.638893,1.000000,-0.597599,-0.600000,0.793544,-0.292131,-0.400224,-0.630774,-0.793544,-0.590372,0.600000,-0.396630,-0.643498,0.769630,0.600000,-0.760650,-0.600000,-0.602399,0.600000,-0.600000,0.643498,0.600000,-0.600000,0.554912,-0.604793,-0.595193,0.793544,-0.600000,-0.407449,-0.604793,-0.643498,0.630774,-0.600000,-0.600000,-0.559845,-0.574580,0.769630,-0.600000,-0.602399,0.600000,-0.595193,0.600000,-0.600000,0.600000,0.585524,-0.597599,0.600000,0.630774,-0.568448,-0.600000,-0.600000,-0.600000,-0.600000,-0.600000,-0.552441,-0.585524,-0.600000,-0.595193,-0.791914,-0.769630,-0.600000,0.771400,-0.597599,0.600000,-0.819357,0.602399,0.235791,-0.600000,-0.600000,-0.559845
18,0,1,0,0,N,0,23,11,1,-0.643498,0.350996,0.643498,1.000000,-0.597599,-0.600000,0.806362,-0.271860,-0.384718,-0.633102,-0.806362,-0.584315,0.600000,-0.371770,-0.651492,0.780967,0.600000,-0.768759,-0.600000,-0.602399,0.600000,-0.600000,0.651492,0.600000,-0.600000,0.546254,-0.604793,-0.595193,0.806362,-0.600000,-0.391848,-0.604793,-0.643498,0.633102,-0.600000,-0.600000,-0.554912,-0.572136,0.780967,-0.600000,-0.602399,0.600000,-0.595193,0.600000,-0.600000,0.600000,0.579447,-0.597599,0.600000,0.633102,-0.565994,-0.600000,-0.600000,-0.600000,-0.600000,-0.600000,-0.543775,-0.579447,-0.600000,-0.595193,-0.804020,-0.780967,-0.600000,0.782675,-0.597599,0.600000,-0.833720,0.602399,0.209773,-0.600000,-0.600000,-0.554912
19,0,1,0,0,stay,1,29,11,1,-0.648076,0.337443,0.648076,1.000000,-0.597599,-0.600000,0.815572,-0.256289,-0.370609,-0.633102,-0.815572,-0.584315,0.600000,-0.353267,-0.656023,0.791072,0.600000,-0.779267,-0.600000,-0.602399,0.600000,-0.600000,0.656023,0.600000,-0.600000,0.541293,-0.604793,-0.595193,0.815572,-0.600000,-0.377638,-0.604793,-0.643498,0.633102,-0.600000,-0.600000,-0.549968,-0.567235,0.791072,-0.600000,-0.602399,0.600000,-0.595193,0.600000,-0.600000,0.600000,0.579447,-0.597599,0.600000,0.633102,-0.565994,-0.600000,-0.600000,-0.600000,-0.600000,-0.600000,-0.538810,-0.579447,-0.600000,-0.595193,-0.813317,-0.791072,-0.600000,0.792722,-0.597599,0.600000,-0.844544,0.602399,0.190516,-0.600000,-0.600000,-0.549968
20,0,1,0,0,stay,0,28,11,1,-0.652627,0.324151,0.652627,1.000000,-0.597599,-0.600000,0.824441,-0.241312,-0.356716,-0.633102,-0.824441,-0.584315,0.600000,-0.336307,-0.660525,0.800829,0.600000,-0.789429,-0.600000,-0.602399,0.600000,-0.600000,0.660525,0.600000,-0.600000,0.536324,-0.604793,-0.595193,0.824441,-0.600000,-0.363634,-0.604793,-0.643498,0.633102,-0.600000,-0.600000,-0.545015,-0.562321,0.800829,-0.600000,-0.602399,0.600000,-0.595193,0.600000,-0.600000,0.600000,0.579447,-0.597599,0.600000,0.633102,-0.565994,-0.600000,-0.600000,-0.600000,-0.600000,-0.600000,-0.533837,-0.579447,-0.600000,-0.595193,-0.822270,-0.800829,-0.600000,0.802422,-0.597599,0.600000,-0.854786,0.602399,0.173357,-0.600000,-0.600000,-0.545015
21,0,1,0,0,stay,0,27,11,1,-0.658277,0.311135,0.658277,1.000000,-0.597599,-0.600000,0.832970,-0.226062,-0.343059,-0.633102,-0.832970,-0.584315,0.600000,-0.319756,-0.664999,0.810241,0.600000,-0.799244,-0.600000,-0.602399,0.600000,-0.600000,0.664999,0.600000,-0.600000,0.531348,-0.604793,-0.595193,0.832970,-0.600000,-0.349857,-0.604793,-0.643498,0.633102,-0.600000,-0.600000,-0.538810,-0.557394,0.810241,-0.600000,-0.602399,0.600000,-0.595193,0.600000,-0.600000,0.600000,0.579447,-0.597599,0.600000,0.633102,-0.565994,-0.600000,-0.600000,-0.600000,-0.600000,-0.600000,-0.528858,-0.579447,-0.600000,-0.595193,-0.830883,-0.810241,-0.600000,0.811776,-0.597599,0.600000,-0.865050,0.602399,0.157441,-0.600000,-0.600000,-0.538810
22,0,0,0,0,N,0,25,12,1,-0.658277,0.300511,0.658277,1.000000,-0.597599,-0.600000,0.839823,-0.217423,-0.335209,-0.634263,-0.839823,-0.584315,0.600000,-0.312183,-0.667225,0.815572,0.600000,-0.806378,-0.600000,-0.602399,0.600000,-0.600000,0.667225,0.600000,-0.600000,0.528858,-0.604793,-0.595193,0.839823,-0.600000,-0.341932,-0.604793,-0.643498,0.634263,-0.600000,-0.600000,-0.538810,-0.554926,0.815572,-0.600000,-0.602399,0.600000,-0.595193,0.600000,-0.600000,0.600000,0.579447,-0.597599,0.600000,0.634263,-0.564765,-0.600000,-0.600000,-0.600000,-0.600000,-0.600000,-0.526366,-0.579447,-0.600000,-0.595193,-0.836439,-0.815572,-0.600000,0.817074,-0.597599,0.600000,-0.870792,0.602399,0.147722,-0.600000,-0.600000,-0.538810
23,1,1,0,0,N,0,23,13,1,-0.662766,0.290096,0.662766,1.000000,-0.597599,-0.600000,0.846447,-0.203266,-0.330763,-0.636581,-0.846447,-0.583101,0.600000,-0.301532,-0.672757,0.818566,0.600000,-0.811792,-0.600000,-0.602399,0.600000,-0.600000,0.672757,0.600000,-0.600000,0.522625,-0.604793,-0.595193,0.846447,-0.600000,-0.337443,-0.604793,-0.646934,0.636581,-0.600000,-0.600000,-0.533837,-0.549983,0.818566,-0.600000,-0.602399,0.600000,-0.595193,0.600000,-0.600000,0.600000,0.578228,-0.597599,0.600000,0.636581,-0.562307,-0.600000,-0.600000,-0.600000,-0.600000,-0.600000,-0.520130,-0.578228,-0.600000,-0.595193,-0.840509,-0.818566,-0.600000,0.820049,-0.597599,0.600000,-0.878487,0.602399,0.138502,-0.600000,-0.600000,-0.533837
24,1,1,0,0,stay,0,22,13,1,-0.667225,0.279897,0.667225,1.000000,-0.597599,-0.600000,0.852844,-0.191358,-0.320870,-0.636581,-0.852844,-0.583101,0.600000,-0.282893,-0.679333,0.825164,0.600000,-0.819324,-0.600000,-0.602399,0.600000,-0.600000,0.679333,0.600000,-0.600000,0.515137,-0.604793,-0.595193,0.852844,-0.600000,-0.327448,-0.604793,-0.648076,0.636581,-0.600000,-0.600000,-0.528858,-0.542549,0.825164,-0.600000,-0.602399,0.600000,-0.595193,0.600000,-0.600000,0.600000,0.578228,-0.597599,0.600000,0.636581,-0.562307,-0.600000,-0.600000,-0.600000,-0.600000,-0.600000,-0.512639,-0.578228,-0.600000,-0.595193,-0.846459,-0.825164,-0.600000,0.826605,-0.597599,0.600000,-0.885785,0.602399,0.125851,-0.600000,-0.600000,-0.528858
25,0,0,0,0,N,0,20,14,1,-0.668335,0.267952,0.668335,1.000000,-0.597599,-0.600000,0.860229,-0.181484,-0.308994,-0.638893,-0.860229,-0.579452,0.600000,-0.276836,-0.681509,0.832970,0.600000,-0.824456,-0.600000,-0.602399,0.600000,-0.600000,0.681509,0.600000,-0.600000,0.512639,-0.604793,-0.595193,0.860229,-0.600000,-0.315442,-0.604793,-0.648076,0.638893,-0.600000,-0.600000,-0.527612,-0.543790,0.832970,-0.600000,-0.602399,0.600000,-0.595193,0.600000,-0.600000,0.600000,0.574567,-0.597599,0.600000,0.638893,-0.559845,-0.600000,-0.600000,-0.600000,-0.600000,-0.600000,-0.510140,-0.574567,-0.600000,-0.595193,-0.854737,-0.832970,-0.600000,0.834359,-0.597599,0.600000,-0.892212,0.602399,0.117286,-0.600000,-0.600000,-0.527612
26,1,0,1,0,N,0,18,15,1,-0.668335,0.256334,0.668335,1.000000,-0.597599,-0.600000,0.867301,-0.172727,-0.298411,-0.638893,-0.867301,-0.579452,0.600000,-0.264970,-0.682594,0.839823,0.600000,-0.832985,-0.600000,-0.602399,0.600000,-0.600000,0.682594,0.600000,-0.600000,0.511390,-0.604793,-0.595193,0.867301,-0.600000,-0.304736,-0.604793,-0.648076,0.638893,-0.600000,-0.600000,-0.527612,-0.542550,0.839823,-0.600000,-0.602399,0.600000,-0.595193,0.600000,-0.600000,0.600000,0.574567,-0.597599,0.600000,0.638893,-0.559845,-0.600000,-0.600000,-0.600000,-0.600000,-0.600000,-0.508891,-0.574567,-0.600000,-0.595193,-0.860846,-0.839823,-0.600000,0.841166,-0.597599,0.600000,-0.897859,0.602399,0.105853,-0.600000,-0.600000,-0.527612
27,0,0,0,0,N,0,16,16,1,-0.668335,0.241365,0.668335,1.000000,-0.597599,-0.600000,0.876257,-0.161575,-0.282934,-0.640047,-0.876257,-0.575793,0.600000,-0.256285,-0.684759,0.849673,0.600000,-0.841182,-0.600000,-0.602399,0.600000,-0.600000,0.684759,0.600000,-0.600000,0.508891,-0.604793,-0.595193,0.876257,-0.600000,-0.289067,-0.604793,-0.648076,0.640047,-0.600000,-0.600000,-0.527612,-0.543792,0.849673,-0.600000,-0.602399,0.600000,-0.595193,0.600000,-0.600000,0.600000,0.570898,-0.597599,0.600000,0.640047,-0.558612,-0.600000,-0.600000,-0.600000,-0.600000,-0.600000,-0.506391,-0.570898,-0.600000,-0.595193,-0.870174,-0.849673,-0.600000,0.850948,-0.597599,0.600000,-0.904980,0.602399,0.095421,-0.600000,-0.600000,-0.527612
28,1,1,1,0,N,0,14,17,1,-0.674957,0.223507,0.674957,1.000000,-0.597599,-0.600000,0.886718,-0.143448,-0.267952,-0.642349,-0.886718,-0.574574,0.600000,-0.229582,-0.694400,0.859020,0.600000,-0.850968,-0.600000,-0.602399,0.600000,-0.600000,0.694400,0.600000,-0.600000,0.497642,-0.607182,-0.592782,0.886718,-0.600000,-0.275880,-0.607182,-0.650355,0.642349,-0.600000,-0.600000,-0.520130,-0.538829,0.859020,-0.600000,-0.602399,0.600000,-0.592782,0.600000,-0.600000,0.600000,0.567221,-0.597599,0.600000,0.642349,-0.556146,-0.600000,-0.600000,-0.600000,-0.600000,-0.600000,-0.495142,-0.567221,-0.600000,-0.592782,-0.879495,-0.859020,-0.600000,0.860229,-0.597599,0.600000,-0.915616,0.602399,0.079441,-0.600000,-0.600000,-0.520130
29,1,1,1,0,stay,0,13,17,1,-0.681509,0.207431,0.681509,1.000000,-0.597599,-0.600000,0.895933,-0.126482,-0.254430,-0.643498,-0.895933,-0.574576,0.600000,-0.202449,-0.705957,0.867301,0.600000,-0.860849,-0.600000,-0.602399,0.600000,-0.600000,0.705957,0.600000,-0.600000,0.483897,-0.609565,-0.590367,0.895933,-0.600000,-0.264043,-0.609565,-0.654892,0.643498,-0.600000,-0.600000,-0.512639,-0.530123,0.867301,-0.600000,-0.602399,0.600000,-0.590367,0.600000,-0.600000,0.600000,0.564765,-0.597599,0.600000,0.643498,-0.554912,-0.600000,-0.600000,-0.600000,-0.600000,-0.600000,-0.481400,-0.564765,-0.600000,-0.590367,-0.887235,-0.867301,-0.600000,0.868450,-0.597599,0.600000,-0.924812,0.602399,0.065941,-0.600000,-0.600000,-0.512639
30,1,0,0,0,N,0,11,18,1,-0.682594,0.197726,0.682594,1.000000,-0.597599,-0.600000,0.901406,-0.119458,-0.245051,-0.643498,-0.901406,-0.570907,0.600000,-0.189811,-0.710096,0.872961,0.600000,-0.866162,-0.600000,-0.602399,0.600000,-0.600000,0.710096,0.600000,-0.600000,0.478903,-0.609565,-0.590367,0.901406,-0.600000,-0.254430,-0.609565,-0.654892,0.643498,-0.600000,-0.600000,-0.511390,-0.528878,0.872961,-0.600000,-0.602399,0.600000,-0.590367,0.600000,-0.600000,0.600000,0.561076,-0.597599,0.600000,0.643498,-0.554912,-0.600000,-0.600000,-0.600000,-0.600000,-0.600000,-0.476408,-0.561076,-0.600000,-0.590367,-0.892151,-0.872961,-0.600000,0.874068,-0.597599,0.600000,-0.929220,0.602399,0.058895,-0.600000,-0.600000,-0.511390
31,1,0,1,0,N,0,9,19,1,-0.682594,0.188366,0.682594,1.000000,-0.597599,-0.600000,0.906622,-0.112774,-0.235006,-0.643498,-0.906622,-0.566002,0.600000,-0.177785,-0.714200,0.878947,0.600000,-0.870739,-0.600000,-0.602399,0.600000,-0.600000,0.714200,0.600000,-0.600000,0.473914,-0.609565,-0.590367,0.906622,-0.600000,-0.244126,-0.609565,-0.656023,0.643498,-0.600000,-0.600000,-0.511390,-0.528879,0.878947,-0.600000,-0.602399,0.600000,-0.590367,0.600000,-0.600000,0.600000,0.556146,-0.597599,0.600000,0.643498,-0.554912,-0.600000,-0.600000,-0.600000,-0.600000,-0.600000,-0.471421,-0.556146,-0.600000,-0.590367,-0.897340,-0.878947,-0.600000,0.880009,-0.597599,0.600000,-0.933074,0.602399,0.052558,-0.600000,-0.600000,-0.511390
32,0,1,1,0,N,0,7,20,1,-0.685838,0.178614,0.685838,1.000000,-0.597599,-0.600000,0.911992,-0.104994,-0.226125,-0.643498,-0.911992,-0.559853,0.600000,-0.162226,-0.723306,0.884177,0.600000,-0.875183,-0.600000,-0.602399,0.600000,-0.600000,0.723306,0.600000,-0.600000,0.462708,-0.609565,-0.590367,0.911992,-0.600000,-0.235006,-0.609565,-0.656023,0.643498,-0.600000,-0.600000,-0.507641,-0.523895,0.884177,-0.600000,-0.602399,0.600000,-0.590367,0.600000,-0.600000,0.600000,0.549968,-0.597599,0.600000,0.643498,-0.554912,-0.600000,-0.600000,-0.600000,-0.600000,-0.600000,-0.460222,-0.549968,-0.600000,-0.590367,-0.901864,-0.884177,-0.600000,0.885199,-0.597599,0.600000,-0.937914,0.602399,0.046423,-0.600000,-0.600000,-0.507641
33,0,1,1,0,stay,1,29,20,1,-0.693337,0.165769,0.693337,1.000000,-0.597599,-0.600000,0.918967,-0.093781,-0.211577,-0.643498,-0.918967,-0.564777,0.600000,-0.141582,-0.733211,0.892617,0.600000,-0.884705,-0.600000,-0.602399,0.600000,-0.600000,0.733211,0.600000,-0.600000,0.450300,-0.614317,-0.585524,0.918967,-0.600000,-0.223507,-0.614317,-0.656023,0.643498,-0.600000,-0.600000,-0.498892,-0.516409,0.892617,-0.600000,-0.602399,0.600000,-0.585524,0.600000,-0.600000,0.600000,0.549968,-0.597599,0.600000,0.643498,-0.554912,-0.600000,-0.600000,-0.600000,-0.600000,-0.600000,-0.447826,-0.549968,-0.600000,-0.585524,-0.909149,-0.892617,-0.600000,0.893574,-0.597599,0.600000,-0.944829,0.602399,0.038298,-0.600000,-0.600000,-0.498892
34,0,0,0,1,N,0,27,21,1,-0.693337,0.156960,0.693337,1.000000,-0.596396,-0.600000,0.923687,-0.088390,-0.200920,-0.653761,-0.923687,-0.566006,0.600000,-0.135598,-0.735165,0.898245,0.600000,-0.886735,-0.600000,-0.603596,0.600000,-0.600000,0.735165,0.600000,-0.600000,0.447826,-0.615502,-0.584311,0.923687,-0.600000,-0.214094,-0.615502,-0.656023,0.653761,-0.600000,-0.600000,-0.498892,-0.515160,0.898245,-0.600000,-0.603596,0.600000,-0.584311,0.600000,-0.600000,0.600000,0.549968,-0.596396,0.600000,0.653761,-0.543775,-0.600000,-0.600000,-0.600000,-0.600000,-0.600000,-0.444119,-0.549968,-0.600000,-0.584311,-0.917484,-0.898245,-0.600000,0.899613,-0.596396,0.600000,-0.948128,0.603596,0.034600,-0.600000,-0.600000,-0.498892
35,0,1,0,0,N,0,25,22,1,-0.699685,0.146019,0.699685,1.000000,-0.596396,-0.600000,0.929479,-0.079525,-0.190672,-0.656023,-0.929479,-0.567235,0.600000,-0.119962,-0.744796,0.904046,0.600000,-0.893592,-0.600000,-0.603596,0.600000,-0.600000,0.744796,0.600000,-0.600000,0.435493,-0.617867,-0.581881,0.929479,-0.600000,-0.204972,-0.617867,-0.656023,0.656023,-0.600000,-0.600000,-0.491393,-0.506415,0.904046,-0.600000,-0.603596,0.600000,-0.581881,0.600000,-0.600000,0.600000,0.548731,-0.596396,0.600000,0.656023,-0.541293,-0.600000,-0.600000,-0.600000,-0.600000,-0.600000,-0.431808,-0.548731,-0.600000,-0.581881,-0.922999,-0.904046,-0.600000,0.905343,-0.596396,0.600000,-0.953519,0.603596,0.029187,-0.600000,-0.600000,-0.491393
36,0,0,0,0,N,0,23,23,1,-0.700735,0.138682,0.700735,1.000000,-0.596396,-0.600000,0.933320,-0.074884,-0.182315,-0.656023,-0.933320,-0.567235,0.600000,-0.116821,-0.746695,0.908721,0.600000,-0.899175,-0.600000,-0.603596,0.600000,-0.600000,0.746695,0.600000,-0.600000,0.433035,-0.617867,-0.581881,0.933320,-0.600000,-0.196142,-0.617867,-0.656023,0.656023,-0.600000,-0.600000,-0.490143,-0.503915,0.908721,-0.600000,-0.603596,0.600000,-0.581881,0.600000,-0.600000,0.600000,0.548731,-0.596396,0.600000,0.656023,-0.541293,-0.600000,-0.600000,-0.600000,-0.600000,-0.600000,-0.429355,-0.548731,-0.600000,-0.581881,-0.926826,-0.908721,-0.600000,0.909962,-0.596396,0.600000,-0.956323,0.603596,0.026996,-0.600000,-0.600000,-0.490143
37,0,0,0,0,N,0,21,24,1,-0.700735,0.131657,0.700735,1.000000,-0.596396,-0.600000,0.936966,-0.070824,-0.173527,-0.656023,-0.936966,-0.567235,0.600000,-0.116821,-0.746695,0.913587,0.600000,-0.904496,-0.600000,-0.603596,0.600000,-0.600000,0.746695,0.600000,-0.600000,0.433035,-0.617867,-0.581881,0.936966,-0.600000,-0.186840,-0.617867,-0.656023,0.656023,-0.600000,-0.600000,-0.490143,-0.503915,0.913587,-0.600000,-0.603596,0.600000,-0.581881,0.600000,-0.600000,0.600000,0.548731,-0.596396,0.600000,0.656023,-0.541293,-0.600000,-0.600000,-0.600000,-0.600000,-0.600000,-0.429355,-0.548731,-0.600000,-0.581881,-0.930800,-0.913587,-0.600000,0.914768,-0.596396,0.600000,-0.958767,0.603596,0.025461,-0.600000,-0.600000,-0.490143
38,1,1,0,0,N,0,19,25,1,-0.706995,0.123844,0.706995,1.000000,-0.596396,-0.600000,0.940984,-0.063291,-0.168556,-0.659402,-0.940984,-0.563550,0.600000,-0.106860,-0.755122,0.916316,0.600000,-0.907913,-0.600000,-0.603596,0.600000,-0.600000,0.755122,0.600000,-0.600000,0.422018,-0.617867,-0.581881,0.940984,-0.600000,-0.181572,-0.617867,-0.660525,0.659402,-0.600000,-0.600000,-0.482648,-0.496416,0.916316,-0.600000,-0.603596,0.600000,-0.581881,0.600000,-0.600000,0.600000,0.545015,-0.596396,0.600000,0.659402,-0.537567,-0.600000,-0.600000,-0.600000,-0.600000,-0.600000,-0.418362,-0.545015,-0.600000,-0.581881,-0.933959,-0.916316,-0.600000,0.917463,-0.596396,0.600000,-0.962558,0.603596,0.022525,-0.600000,-0.600000,-0.482648
39,1,1,0,0,stay,0,18,25,1,-0.711125,0.116949,0.711125,1.000000,-0.596396,-0.600000,0.944500,-0.058145,-0.161653,-0.659402,-0.944500,-0.563550,0.600000,-0.094601,-0.765161,0.920079,0.600000,-0.913216,-0.600000,-0.603596,0.600000,-0.600000,0.765161,0.600000,-0.600000,0.408658,-0.617867,-0.581881,0.944500,-0.600000,-0.174248,-0.617867,-0.661646,0.659402,-0.600000,-0.600000,-0.477656,-0.482672,0.920079,-0.600000,-0.603596,0.600000,-0.581881,0.600000,-0.600000,0.600000,0.545015,-0.596396,0.600000,0.659402,-0.537567,-0.600000,-0.600000,-0.600000,-0.600000,-0.600000,-0.405036,-0.545015,-0.600000,-0.581881,-0.936983,-0.920079,-0.600000,0.921179,-0.596396,0.600000,-0.965512,0.603596,0.019532,-0.600000,-0.600000,-0.477656
40,0,1,0,1,N,0,16,26,1,-0.714200,0.112373,0.714200,1.000000,-0.596396,-0.600000,0.946817,-0.054672,-0.156958,-0.667225,-0.946817,-0.557394,0.600000,-0.088755,-0.769630,0.922621,0.600000,-0.912030,-0.600000,-0.603596,0.600000,-0.600000,0.769630,0.600000,-0.600000,0.402628,-0.617867,-0.581881,0.946817,-0.600000,-0.169261,-0.617867,-0.662766,0.667225,-0.600000,-0.600000,-0.473914,-0.482671,0.922621,-0.600000,-0.603596,0.600000,-0.581881,0.600000,-0.600000,0.600000,0.538810,-0.596396,0.600000,0.667225,-0.528858,-0.600000,-0.600000,-0.600000,-0.600000,-0.600000,-0.399023,-0.538810,-0.600000,-0.581881,-0.941003,-0.922621,-0.600000,0.923688,-0.596396,0.600000,-0.967462,0.603596,0.017874,-0.600000,-0.600000,-0.473914
41,0,1,0,1,stay,1,29,26,1,-0.719281,0.103688,0.719281,1.000000,-0.596396,-0.600000,0.951180,-0.049007,-0.149168,-0.682594,-0.951180,-0.554926,0.600000,-0.079125,-0.774913,0.926806,0.600000,-0.912838,-0.600000,-0.603596,0.600000,-0.600000,0.774913,0.600000,-0.600000,0.395430,-0.617867,-0.581881,0.951180,-0.600000,-0.160978,-0.617867,-0.662766,0.682594,-0.600000,-0.600000,-0.467684,-0.477678,0.926806,-0.600000,-0.603596,0.600000,-0.581881,0.600000,-0.600000,0.600000,0.536324,-0.596396,0.600000,0.682594,-0.511390,-0.600000,-0.600000,-0.600000,-0.600000,-0.600000,-0.391848,-0.536324,-0.600000,-0.581881,-0.947841,-0.926806,-0.600000,0.927820,-0.596396,0.600000,-0.970905,0.603596,0.014888,-0.600000,-0.600000,-0.467684
42,0,0,0,0,N,0,27,27,1,-0.720290,0.098677,0.720290,1.000000,-0.596396,-0.600000,0.953677,-0.046278,-0.142310,-0.682594,-0.953677,-0.556161,0.600000,-0.076959,-0.776655,0.930458,0.600000,-0.917124,-0.600000,-0.603596,0.600000,-0.600000,0.776655,0.600000,-0.600000,0.393041,-0.619048,-0.580664,0.953677,-0.600000,-0.154327,-0.619048,-0.662766,0.682594,-0.600000,-0.600000,-0.466440,-0.476430,0.930458,-0.600000,-0.603596,0.600000,-0.580664,0.600000,-0.600000,0.600000,0.536324,-0.596396,0.600000,0.682594,-0.511390,-0.600000,-0.600000,-0.600000,-0.600000,-0.600000,-0.389466,-0.536324,-0.600000,-0.580664,-0.950500,-0.930458,-0.600000,0.931425,-0.596396,0.600000,-0.972557,0.603596,0.013824,-0.600000,-0.600000,-0.466440
43,1,1,0,0,S,0,25,25,1,-0.726301,0.091356,0.726301,1.000000,-0.596396,-0.600000,0.957299,-0.040649,-0.136895,-0.685838,-0.957299,-0.554927,0.600000,-0.068506,-0.786063,0.933320,0.600000,-0.921587,-0.600000,-0.603596,0.600000,-0.600000,0.786063,0.600000,-0.600000,0.379992,-0.620227,-0.579447,0.957299,-0.600000,-0.149170,-0.620227,-0.667225,0.685838,-0.600000,-0.600000,-0.458980,-0.466461,0.933320,-0.600000,-0.603596,0.600000,-0.579447,0.600000,-0.600000,0.600000,0.533837,-0.596396,0.600000,0.685838,-0.507641,-0.600000,-0.600000,-0.600000,-0.600000,-0.600000,-0.376463,-0.533837,-0.600000,-0.579447,-0.953254,-0.933320,-0.600000,0.934251,-0.596396,0.600000,-0.975475,0.603596,0.011855,-0.600000,-0.600000,-0.458980
44,1,1,0,0,stay,0,24,25,1,-0.731248,0.085306,0.731248,1.000000,-0.596396,-0.600000,0.960268,-0.036555,-0.131084,-0.687991,-0.960268,-0.554929,0.600000,-0.060921,-0.793544,0.936371,0.600000,-0.925482,-0.600000,-0.603596,0.600000,-0.600000,0.793544,0.600000,-0.600000,0.369443,-0.622581,-0.577009,0.960268,-0.600000,-0.144155,-0.622581,-0.669443,0.687991,-0.600000,-0.600000,-0.452778,-0.460242,0.936371,-0.600000,-0.603596,0.600000,-0.577009,0.600000,-0.600000,0.600000,0.531348,-0.596396,0.600000,0.687991,-0.505142,-0.600000,-0.600000,-0.600000,-0.600000,-0.600000,-0.365953,-0.531348,-0.600000,-0.577009,-0.955862,-0.936371,-0.600000,0.937262,-0.596396,0.600000,-0.977765,0.603596,0.010163,-0.600000,-0.600000,-0.452778
45,1,1,0,0,stay,0,23,25,1,-0.735165,0.080359,0.735165,1.000000,-0.596396,-0.600000,0.962681,-0.033016,-0.127698,-0.691205,-0.962681,-0.553694,0.600000,-0.054901,-0.801627,0.938139,0.600000,-0.928205,-0.600000,-0.603596,0.600000,-0.600000,0.801627,0.600000,-0.600000,0.357865,-0.623756,-0.575789,0.962681,-0.600000,-0.141093,-0.623756,-0.673858,0.691205,-0.600000,-0.600000,-0.447826,-0.451558,0.938139,-0.600000,-0.603596,0.600000,-0.575789,0.600000,-0.600000,0.600000,0.528858,-0.596396,0.600000,0.691205,-0.501392,-0.600000,-0.600000,-0.600000,-0.600000,-0.600000,-0.354423,-0.528858,-0.600000,-0.575789,-0.957726,-0.938139,-0.600000,0.939007,-0.596396,0.600000,-0.979546,0.603596,0.008975,-0.600000,-0.600000,-0.447826
46,1,1,0,0,stay,0,22,25,1,-0.740971,0.074630,0.740971,1.000000,-0.596396,-0.600000,0.965457,-0.029235,-0.121150,-0.695461,-0.965457,-0.553695,0.600000,-0.048976,-0.808696,0.941539,0.600000,-0.931798,-0.600000,-0.603596,0.600000,-0.600000,0.808696,0.600000,-0.600000,0.347584,-0.624929,-0.574567,0.965457,-0.600000,-0.134547,-0.624929,-0.677148,0.695461,-0.600000,-0.600000,-0.440417,-0.442903,0.941539,-0.600000,-0.603596,0.600000,-0.574567,0.600000,-0.600000,0.600000,0.527612,-0.596396,0.600000,0.695461,-0.496392,-0.600000,-0.600000,-0.600000,-0.600000,-0.600000,-0.344188,-0.527612,-0.600000,-0.574567,-0.960856,-0.941539,-0.600000,0.942362,-0.596396,0.600000,-0.981645,0.603596,0.007691,-0.600000,-0.600000,-0.440417
47,1,1,0,0,stay,0,21,25,1,-0.744796,0.072244,0.744796,1.000000,-0.595193,-0.600000,0.966608,-0.027170,-0.119559,-0.698632,-0.966608,-0.551224,0.600000,-0.046692,-0.811776,0.942088,0.600000,-0.932123,-0.600000,-0.604793,0.600000,-0.600000,0.811776,0.600000,-0.600000,0.343059,-0.626101,-0.573345,0.966608,-0.600000,-0.133965,-0.626101,-0.681509,0.698632,-0.600000,-0.600000,-0.435493,-0.442901,0.942088,-0.600000,-0.604793,0.600000,-0.573345,0.600000,-0.600000,0.600000,0.523872,-0.595193,0.600000,0.698632,-0.492642,-0.600000,-0.600000,-0.600000,-0.600000,-0.600000,-0.338562,-0.523872,-0.600000,-0.573345,-0.961788,-0.942088,-0.600000,0.943173,-0.595193,0.600000,-0.982613,0.604793,0.007209,-0.600000,-0.600000,-0.435493
48,1,1,0,0,stay,0,20,25,1,-0.749525,0.067681,0.749525,1.000000,-0.595193,-0.600000,0.968800,-0.024639,-0.114894,-0.700735,-0.968800,-0.549988,0.600000,-0.041413,-0.819309,0.944500,0.600000,-0.935229,-0.600000,-0.604793,0.600000,-0.600000,0.819309,0.600000,-0.600000,0.331872,-0.627272,-0.572122,0.968800,-0.600000,-0.129383,-0.627272,-0.682594,0.700735,-0.600000,-0.600000,-0.429355,-0.434280,0.944500,-0.600000,-0.604793,0.600000,-0.572122,0.600000,-0.600000,0.600000,0.521378,-0.595193,0.600000,0.700735,-0.490143,-0.600000,-0.600000,-0.600000,-0.600000,-0.600000,-0.327448,-0.521378,-0.600000,-0.572122,-0.963763,-0.944500,-0.600000,0.945542,-0.595193,0.600000,-0.984170,0.604793,0.006238,-0.600000,-0.600000,-0.429355
49,1,1,0,0,stay,0,19,25,1,-0.753265,0.063984,0.753265,1.000000,-0.593988,-0.600000,0.970568,-0.022448,-0.110388,-0.703875,-0.970568,-0.549988,0.600000,-0.038341,-0.822986,0.946564,0.600000,-0.937617,-0.600000,-0.605988,0.600000,-0.600000,0.822986,0.600000,-0.600000,0.326347,-0.628441,-0.570898,0.970568,-0.600000,-0.125484,-0.628441,-0.685838,0.703875,-0.600000,-0.600000,-0.424460,-0.430597,0.946564,-0.600000,-0.605988,0.600000,-0.570898,0.600000,-0.600000,0.600000,0.520130,-0.593988,0.600000,0.703875,-0.486395,-0.600000,-0.600000,-0.600000,-0.600000,-0.600000,-0.320870,-0.520130,-0.600000,-0.570898,-0.965640,-0.946564,-0.600000,0.947818,-0.593988,0.600000,-0.985373,0.605988,0.005561,-0.600000,-0.600000,-0.424460
50,1,1,0,0,stay,0,18,25,1,-0.757888,0.059067,0.757888,1.000000,-0.593988,-0.600000,0.972906,-0.019852,-0.105091,-0.704917,-0.972906,-0.548751,0.600000,-0.032679,-0.832273,0.949285,0.600000,-0.941601,-0.600000,-0.605988,0.600000,-0.600000,0.832273,0.600000,-0.600000,0.312209,-0.629608,-0.569673,0.972906,-0.600000,-0.120089,-0.629608,-0.689064,0.704917,-0.600000,-0.600000,-0.418362,-0.418377,0.949285,-0.600000,-0.605988,0.600000,-0.569673,0.600000,-0.600000,0.600000,0.517634,-0.593988,0.600000,0.704917,-0.485146,-0.600000,-0.600000,-0.600000,-0.600000,-0.600000,-0.306861,-0.517634,-0.600000,-0.569673,-0.967580,-0.949285,-0.600000,0.950478,-0.593988,0.600000,-0.986882,0.605988,0.004622,-0.600000,-0.600000,-0.418362
51,1,1,0,0,stay,0,17,25,1,-0.760633,0.056610,0.760633,1.000000,-0.592782,-0.600000,0.974070,-0.018438,-0.101839,-0.706995,-0.974070,-0.549989,0.600000,-0.031280,-0.834359,0.950713,0.600000,-0.943502,-0.600000,-0.607182,0.600000,-0.600000,0.834359,0.600000,-0.600000,0.308994,-0.630774,-0.568448,0.974070,-0.600000,-0.117468,-0.630774,-0.692272,0.706995,-0.600000,-0.600000,-0.414715,-0.415944,0.950713,-0.600000,-0.607182,0.600000,-0.568448,0.600000,-0.600000,0.600000,0.517634,-0.592782,0.600000,0.706995,-0.482648,-0.600000,-0.600000,-0.600000,-0.600000,-0.600000,-0.302619,-0.517634,-0.600000,-0.568448,-0.968815,-0.950713,-0.600000,0.952104,-0.592782,0.600000,-0.987639,0.607182,0.004289,-0.600000,-0.600000,-0.414715
52,0,0,0,0,E,0,15,26,1,-0.760633,0.053993,0.760633,1.000000,-0.592782,-0.600000,0.975307,-0.017552,-0.097788,-0.709064,-0.975307,-0.542556,0.600000,-0.029078,-0.837791,0.952784,0.600000,-0.944038,-0.600000,-0.607182,0.600000,-0.600000,0.837791,0.600000,-0.600000,0.303677,-0.630774,-0.568448,0.975307,-0.600000,-0.112874,-0.630774,-0.692272,0.709064,-0.600000,-0.600000,-0.414715,-0.417153,0.952784,-0.600000,-0.607182,0.600000,-0.568448,0.600000,-0.600000,0.600000,0.510140,-0.592782,0.600000,0.709064,-0.480151,-0.600000,-0.600000,-0.600000,-0.600000,-0.600000,-0.297364,-0.510140,-0.600000,-0.568448,-0.970438,-0.952784,-0.600000,0.954119,-0.592782,0.600000,-0.988236,0.607182,0.003880,-0.600000,-0.600000,-0.414715
53,0,0,1,1,N,0,13,25,1,-0.760633,0.051002,0.760633,1.000000,-0.592782,-0.600000,0.976714,-0.016545,-0.092610,-0.711125,-0.976714,-0.542556,0.600000,-0.027294,-0.838471,0.955417,0.600000,-0.946628,-0.600000,-0.607182,0.600000,-0.600000,0.838471,0.600000,-0.600000,0.302619,-0.630774,-0.568448,0.976714,-0.600000,-0.106992,-0.630774,-0.692272,0.711125,-0.600000,-0.600000,-0.414715,-0.415937,0.955417,-0.600000,-0.607182,0.600000,-0.568448,0.600000,-0.600000,0.600000,0.510140,-0.592782,0.600000,0.711125,-0.477656,-0.600000,-0.600000,-0.600000,-0.600000,-0.600000,-0.296320,-0.510140,-0.600000,-0.568448,-0.972387,-0.955417,-0.600000,0.956681,-0.592782,0.600000,-0.988915,0.607182,0.003441,-0.600000,-0.600000,-0.414715
54,0,0,0,1,N,0,11,24,1,-0.760633,0.048169,0.760633,1.000000,-0.592782,-0.600000,0.978044,-0.015594,-0.087680,-0.714200,-0.978044,-0.542556,0.600000,-0.025741,-0.838471,0.957909,0.600000,-0.948861,-0.600000,-0.607182,0.600000,-0.600000,0.838471,0.600000,-0.600000,0.302619,-0.630774,-0.568448,0.978044,-0.600000,-0.101383,-0.630774,-0.692272,0.714200,-0.600000,-0.600000,-0.414715,-0.415937,0.957909,-0.600000,-0.607182,0.600000,-0.568448,0.600000,-0.600000,0.600000,0.510140,-0.592782,0.600000,0.714200,-0.473914,-0.600000,-0.600000,-0.600000,-0.600000,-0.600000,-0.296320,-0.510140,-0.600000,-0.568448,-0.974337,-0.957909,-0.600000,0.959106,-0.592782,0.600000,-0.989555,0.607182,0.003051,-0.600000,-0.600000,-0.414715
55,0,0,0,0,N,0,9,23,1,-0.760633,0.045485,0.760633,1.000000,-0.592782,-0.600000,0.979299,-0.014697,-0.082988,-0.714200,-0.979299,-0.542556,0.600000,-0.025120,-0.838471,0.960268,0.600000,-0.951701,-0.600000,-0.607182,0.600000,-0.600000,0.838471,0.600000,-0.600000,0.302619,-0.630774,-0.568448,0.979299,-0.600000,-0.096035,-0.630774,-0.692272,0.714200,-0.600000,-0.600000,-0.414715,-0.415937,0.960268,-0.600000,-0.607182,0.600000,-0.568448,0.600000,-0.600000,0.600000,0.510140,-0.592782,0.600000,0.714200,-0.473914,-0.600000,-0.600000,-0.600000,-0.600000,-0.600000,-0.296320,-0.510140,-0.600000,-0.568448,-0.975799,-0.960268,-0.600000,0.961401,-0.592782,0.600000,-0.990159,0.607182,0.002802,-0.600000,-0.600000,-0.414715
56,1,0,0,1,N,0,7,22,1,-0.760633,0.042945,0.760633,1.000000,-0.589158,-0.600000,0.980484,-0.013444,-0.079620,-0.727295,-0.980484,-0.541315,0.600000,-0.024513,-0.839148,0.961400,0.600000,-0.951244,-0.600000,-0.610755,0.600000,-0.600000,0.839148,0.600000,-0.600000,0.301564,-0.630774,-0.568448,0.980484,-0.600000,-0.093457,-0.630774,-0.698632,0.727295,-0.600000,-0.600000,-0.414715,-0.415936,0.961400,-0.600000,-0.610755,0.600000,-0.568448,0.600000,-0.600000,0.600000,0.508891,-0.589158,0.600000,0.727295,-0.457739,-0.600000,-0.600000,-0.600000,-0.600000,-0.600000,-0.292162,-0.508891,-0.600000,-0.568448,-0.977951,-0.961400,-0.600000,0.963040,-0.589158,0.600000,-0.990728,0.610755,0.002587,-0.600000,-0.600000,-0.414715
57,1,0,0,0,E,0,5,23,1,-0.760633,0.040735,0.760633,1.000000,-0.589158,-0.600000,0.981511,-0.012669,-0.075674,-0.728287,-0.981511,-0.540073,0.600000,-0.023002,-0.839823,0.963394,0.600000,-0.953297,-0.600000,-0.610755,0.600000,-0.600000,0.839823,0.600000,-0.600000,0.300511,-0.630774,-0.568448,0.981511,-0.600000,-0.088891,-0.630774,-0.699685,0.728287,-0.600000,-0.600000,-0.414715,-0.415935,0.963394,-0.600000,-0.610755,0.600000,-0.568448,0.600000,-0.600000,0.600000,0.507641,-0.589158,0.600000,0.728287,-0.456497,-0.600000,-0.600000,-0.600000,-0.600000,-0.600000,-0.291128,-0.507641,-0.600000,-0.568448,-0.979211,-0.963394,-0.600000,0.964953,-0.589158,0.600000,-0.991221,0.610755,0.002305,-0.600000,-0.600000,-0.414715
58,0,0,0,1,N,0,3,22,1,-0.760633,0.039009,0.760633,1.000000,-0.589158,-0.600000,0.982312,-0.012117,-0.073257,-0.735165,-0.982312,-0.533859,0.600000,-0.021475,-0.843163,0.964612,0.600000,-0.952403,-0.600000,-0.610755,0.600000,-0.600000,0.843163,0.600000,-0.600000,0.295277,-0.631939,-0.567221,0.982312,-0.600000,-0.086486,-0.631939,-0.699685,0.735165,-0.600000,-0.600000,-0.414715,-0.418362,0.964612,-0.600000,-0.610755,0.600000,-0.567221,0.600000,-0.600000,0.600000,0.500142,-0.589158,0.600000,0.735165,-0.447826,-0.600000,-0.600000,-0.600000,-0.600000,-0.600000,-0.285991,-0.500142,-0.600000,-0.567221,-0.980594,-0.964612,-0.600000,0.966120,-0.589158,0.600000,-0.991605,0.610755,0.002106,-0.600000,-0.600000,-0.414715
59,1,0,1,0,N,0,1,21,1,-0.760633,0.036816,0.760633,1.000000,-0.589158,-0.600000,0.983327,-0.011305,-0.069602,-0.736138,-0.983327,-0.533859,0.600000,-0.020048,-0.844483,0.966446,0.600000,-0.954841,-0.600000,-0.610755,0.600000,-0.600000,0.844483,0.600000,-0.600000,0.293198,-0.631939,-0.567221,0.983327,-0.600000,-0.082230,-0.631939,-0.701784,0.736138,-0.600000,-0.600000,-0.414715,-0.415929,0.966446,-0.600000,-0.610755,0.600000,-0.567221,0.600000,-0.600000,0.600000,0.500142,-0.589158,0.600000,0.736138,-0.446589,-0.600000,-0.600000,-0.600000,-0.600000,-0.600000,-0.283951,-0.500142,-0.600000,-0.567221,-0.981707,-0.966446,-0.600000,0.967879,-0.589158,0.600000,-0.992091,0.610755,0.001867,-0.600000,-0.600000,-0.414715
60,1,1,0,0,N,0,0,20,1,-0.765161,0.033422,0.765161,1.000000,-0.589158,-0.600000,0.984894,-0.009936,-0.065807,-0.738079,-0.984894,-0.522647,0.600000,-0.016871,-0.854097,0.968343,0.600000,-0.956540,-0.600000,-0.610755,0.600000,-0.600000,0.854097,0.600000,-0.600000,0.277884,-0.633102,-0.565994,0.984894,-0.600000,-0.078165,-0.633102,-0.702830,0.738079,-0.600000,-0.600000,-0.408658,-0.411073,0.968343,-0.600000,-0.610755,0.600000,-0.565994,0.600000,-0.600000,0.600000,0.487644,-0.589158,0.600000,0.738079,-0.444119,-0.600000,-0.600000,-0.600000,-0.600000,-0.600000,-0.268935,-0.487644,-0.600000,-0.565994,-0.982925,-0.968343,-0.600000,0.969697,-0.589158,0.600000,-0.993017,0.610755,0.001528,-0.600000,-0.600000,-0.408658
