tick,conn_0_1,conn_0_3,conn_0_4,conn_0_5,conn_0_6,conn_0_7,conn_0_9,conn_0_10,conn_1_0,conn_1_1,conn_1_3,conn_1_4,conn_1_7,conn_1_8,conn_2_0,conn_2_1,conn_2_4,conn_2_6,conn_2_7,conn_2_9,conn_2_10,conn_3_1,conn_3_3,conn_3_5,conn_3_8,conn_3_9,conn_3_10,conn_4_0,conn_4_1,conn_4_2,conn_4_3,conn_4_5,conn_4_6,conn_4_7,conn_4_8,conn_4_9,conn_4_10,conn_5_0,conn_5_1,conn_5_2,conn_5_4,conn_5_7,conn_5_9,conn_5_10,conn_6_0,conn_6_6,conn_6_8,conn_6_9,conn_7_0,conn_7_3,conn_7_9,conn_8_0,conn_8_2,conn_8_4,conn_8_5,conn_8_6,conn_8_7,conn_8_9,conn_8_10,conn_9_0,conn_9_3,conn_9_5,conn_9_6,conn_9_7,conn_9_9,conn_10_0,conn_10_1,conn_10_2,conn_10_3,conn_10_6,conn_10_7
0,0.600000,-0.600000,-0.600000,1.000000,-0.600000,-0.600000,-0.600000,0.600000,0.600000,0.600000,-0.600000,0.600000,-0.600000,-0.600000,-0.600000,-0.600000,0.600000,0.600000,-0.600000,-0.600000,-0.600000,-0.600000,0.600000,0.600000,0.600000,-0.600000,0.600000,-0.600000,0.600000,-0.600000,0.600000,-0.600000,-0.600000,-0.600000,-0.600000,-0.600000,-0.600000,-0.600000,-0.600000,-0.600000,-0.600000,0.600000,0.600000,-0.600000,0.600000,-0.600000,0.600000,0.600000,-0.600000,0.600000,-0.600000,0.600000,-0.600000,-0.600000,-0.600000,0.600000,-0.600000,-0.600000,-0.600000,-0.600000,0.600000,-0.600000,0.600000,-0.600000,-0.600000,-0.600000,-0.600000,-0.600000,-0.600000,-0.600000,-0.600000
1,0.600000,-0.600000,-0.600000,1.000000,-0.600000,-0.600000,-0.600000,0.600000,0.600000,0.600000,-0.600000,0.600000,-0.600000,-0.600000,-0.600000,-0.600000,0.600000,0.600000,-0.600000,-0.600000,-0.600000,-0.600000,0.600000,0.600000,0.600000,-0.600000,0.600000,-0.600000,0.587948,-0.600000,0.600000,-0.600000,-0.600000,-0.600000,-0.600000,-0.600000,-0.600000,-0.600000,-0.600000,-0.644671,-0.600000,0.600000,0.600000,-0.623769,0.600000,-0.600000,0.600000,0.600000,-0.600000,0.600000,-0.600000,0.600000,-0.600000,-0.600000,-0.600000,0.623769,-0.600000,-0.630792,-0.600000,-0.644671,0.600000,-0.600000,0.600000,-0.600000,-0.600000,-0.600000,-0.600000,-0.600000,-0.623769,-0.600000,-0.600000
2,0.600000,-0.600000,-0.600000,1.000000,-0.600000,-0.600000,-0.600000,0.600000,0.600000,0.600000,-0.600000,0.600000,-0.600000,-0.600000,-0.600000,-0.600000,0.600000,0.600000,-0.600000,-0.600000,-0.600000,-0.600000,0.600000,0.600000,0.600000,-0.600000,0.600000,-0.600000,0.587948,-0.600000,0.600000,-0.600000,-0.600000,-0.600000,-0.600000,-0.600000,-0.600000,-0.600000,-0.600000,-0.693401,-0.600000,0.600000,0.600000,-0.623769,0.600000,-0.600000,0.600000,0.600000,-0.600000,0.600000,-0.600000,0.600000,-0.600000,-0.600000,-0.600000,0.623769,-0.600000,-0.662805,-0.600000,-0.693401,0.600000,-0.600000,0.600000,-0.600000,-0.600000,-0.633121,-0.600000,-0.600000,-0.623769,-0.600000,-0.600000
3,0.600000,-0.600000,-0.600000,1.000000,-0.600000,-0.600000,-0.600000,0.600000,0.600000,0.600000,-0.600000,0.600000,-0.600000,-0.600000,-0.600000,-0.600000,0.600000,0.600000,-0.600000,-0.600000,-0.600000,-0.600000,0.600000,0.600000,0.600000,-0.600000,0.600000,-0.600000,0.587948,-0.600000,0.600000,-0.600000,-0.600000,-0.600000,-0.600000,-0.600000,-0.600000,-0.600000,-0.600000,-0.738183,-0.600000,0.600000,0.600000,-0.623769,0.600000,-0.600000,0.600000,0.600000,-0.600000,0.600000,-0.600000,0.600000,-0.600000,-0.600000,-0.600000,0.623769,-0.600000,-0.676104,-0.600000,-0.738183,0.600000,-0.600000,0.600000,-0.600000,-0.600000,-0.637760,-0.600000,-0.600000,-0.623769,-0.600000,-0.600000
4,0.600000,-0.600000,-0.600000,1.000000,-0.600000,-0.600000,-0.600000,0.600000,0.600000,0.600000,-0.600000,0.600000,-0.600000,-0.600000,-0.600000,-0.600000,0.600000,0.600000,-0.600000,-0.600000,-0.600000,-0.600000,0.600000,0.600000,0.600000,-0.600000,0.600000,-0.600000,0.587948,-0.600000,0.600000,-0.600000,-0.600000,-0.600000,-0.600000,-0.600000,-0.600000,-0.600000,-0.600000,-0.778529,-0.600000,0.600000,0.600000,-0.623769,0.600000,-0.600000,0.600000,0.600000,-0.600000,0.600000,-0.600000,0.600000,-0.600000,-0.600000,-0.600000,0.623769,-0.600000,-0.699755,-0.600000,-0.778529,0.600000,-0.600000,0.600000,-0.600000,-0.600000,-0.656057,-0.600000,-0.600000,-0.623769,-0.600000,-0.600000
5,0.600000,-0.600000,-0.600000,1.000000,-0.600000,-0.600000,-0.600000,0.600000,0.600000,0.600000,-0.600000,0.600000,-0.600000,-0.600000,-0.600000,-0.600000,0.600000,0.600000,-0.600000,-0.600000,-0.600000,-0.600000,0.600000,0.600000,0.600000,-0.600000,0.600000,-0.600000,0.585524,-0.600000,0.600000,-0.598800,-0.600000,-0.600000,-0.600000,-0.600000,-0.600000,-0.600000,-0.600000,-0.800192,-0.600000,0.600000,0.600000,-0.628457,0.600000,-0.600000,0.600000,0.600000,-0.600000,0.600000,-0.600000,0.600000,-0.600000,-0.600000,-0.600000,0.628457,-0.600000,-0.720378,-0.600000,-0.800192,0.600000,-0.600000,0.600000,-0.600000,-0.600000,-0.662805,-0.600000,-0.600000,-0.628457,-0.600000,-0.600000
6,0.600000,-0.600000,-0.600000,1.000000,-0.600000,-0.600000,-0.600000,0.600000,0.600000,0.600000,-0.600000,0.600000,-0.600000,-0.600000,-0.600000,-0.600000,0.600000,0.600000,-0.600000,-0.600000,-0.600000,-0.600000,0.600000,0.600000,0.600000,-0.600000,0.600000,-0.600000,0.584311,-0.600000,0.600000,-0.595193,-0.600000,-0.600000,-0.600000,-0.600000,-0.600000,-0.600000,-0.600000,-0.803380,-0.600000,0.600000,0.600000,-0.630792,0.600000,-0.600000,0.600000,0.600000,-0.600000,0.600000,-0.600000,0.600000,-0.600000,-0.600000,-0.600000,0.630792,-0.600000,-0.742039,-0.600000,-0.803380,0.600000,-0.600000,0.600000,-0.600000,-0.600000,-0.693401,-0.600000,-0.600000,-0.630792,-0.600000,-0.600000
7,0.600000,-0.600000,-0.600000,1.000000,-0.600000,-0.600000,-0.600000,0.600000,0.600000,0.600000,-0.600000,0.600000,-0.600000,-0.600000,-0.600000,-0.600000,0.600000,0.600000,-0.600000,-0.600000,-0.600000,-0.600000,0.600000,0.600000,0.600000,-0.600000,0.600000,-0.600000,0.573345,-0.600000,0.600000,-0.590367,-0.600000,-0.600000,-0.600000,-0.600000,-0.600000,-0.600000,-0.600000,-0.803380,-0.600000,0.600000,0.600000,-0.651523,0.600000,-0.600000,0.600000,0.600000,-0.600000,0.600000,-0.600000,0.600000,-0.600000,-0.600000,-0.600000,0.651523,-0.600000,-0.771536,-0.600000,-0.803380,0.600000,-0.600000,0.600000,-0.600000,-0.600000,-0.701855,-0.600000,-0.600000,-0.651523,-0.600000,-0.600000
8,0.600000,-0.600000,-0.600000,1.000000,-0.600000,-0.600000,-0.600000,0.600000,0.600000,0.600000,-0.600000,0.600000,-0.600000,-0.600000,-0.600000,-0.600000,0.600000,0.600000,-0.600000,-0.600000,-0.600000,-0.600000,0.600000,0.600000,0.600000,-0.600000,0.600000,-0.600000,0.573345,-0.600000,0.600000,-0.589158,-0.600000,-0.600000,-0.600000,-0.600000,-0.600000,-0.600000,-0.600000,-0.803380,-0.600000,0.600000,0.600000,-0.651523,0.600000,-0.600000,0.600000,0.600000,-0.600000,0.600000,-0.600000,0.600000,-0.600000,-0.600000,-0.600000,0.651523,-0.600000,-0.804960,-0.600000,-0.803380,0.600000,-0.600000,0.600000,-0.600000,-0.600000,-0.703948,-0.600000,-0.600000,-0.651523,-0.600000,-0.600000
9,0.600000,-0.600000,-0.600000,1.000000,-0.600000,-0.600000,-0.600000,0.600000,0.600000,0.600000,-0.600000,0.600000,-0.600000,-0.600000,-0.600000,-0.600000,0.600000,0.600000,-0.600000,-0.600000,-0.600000,-0.600000,0.600000,0.600000,0.600000,-0.600000,0.600000,-0.600000,0.573345,-0.600000,0.600000,-0.589158,-0.600000,-0.600000,-0.600000,-0.600000,-0.600000,-0.600000,-0.600000,-0.803380,-0.600000,0.600000,0.600000,-0.651523,0.600000,-0.600000,0.600000,0.600000,-0.600000,0.600000,-0.600000,0.600000,-0.600000,-0.600000,-0.600000,0.651523,-0.600000,-0.837303,-0.600000,-0.803380,0.600000,-0.600000,0.600000,-0.600000,-0.600000,-0.703948,-0.600000,-0.600000,-0.651523,-0.600000,-0.600000
10,0.600000,-0.600000,-0.600000,1.000000,-0.600000,-0.600000,-0.600000,0.600000,0.600000,0.600000,-0.600000,0.600000,-0.600000,-0.600000,-0.600000,-0.600000,0.600000,0.600000,-0.600000,-0.600000,-0.600000,-0.600000,0.600000,0.600000,0.600000,-0.600000,0.600000,-0.600000,0.572122,-0.600000,0.600000,-0.589158,-0.600000,-0.600000,-0.600000,-0.600000,-0.600000,-0.600000,-0.600000,-0.806530,-0.600000,0.600000,0.600000,-0.653794,0.600000,-0.600000,0.600000,0.600000,-0.600000,0.600000,-0.600000,0.600000,-0.600000,-0.600000,-0.600000,0.653794,-0.600000,-0.856782,-0.600000,-0.806530,0.600000,-0.600000,0.600000,-0.600000,-0.600000,-0.703948,-0.600000,-0.600000,-0.653794,-0.600000,-0.600000
11,0.600000,-0.600000,-0.600000,1.000000,-0.600000,-0.600000,-0.600000,0.600000,0.600000,0.600000,-0.600000,0.600000,-0.600000,-0.600000,-0.600000,-0.600000,0.600000,0.600000,-0.600000,-0.600000,-0.600000,-0.600000,0.600000,0.600000,0.600000,-0.600000,0.600000,-0.600000,0.570898,-0.600000,0.600000,-0.589158,-0.600000,-0.600000,-0.600000,-0.600000,-0.600000,-0.600000,-0.600000,-0.833161,-0.600000,0.600000,0.600000,-0.656057,0.600000,-0.600000,0.600000,0.600000,-0.600000,0.600000,-0.600000,0.600000,-0.600000,-0.600000,-0.600000,0.656057,-0.600000,-0.865189,-0.600000,-0.833161,0.600000,-0.600000,0.600000,-0.600000,-0.600000,-0.706032,-0.600000,-0.600000,-0.656057,-0.600000,-0.600000
12,0.600000,-0.600000,-0.600000,1.000000,-0.600000,-0.600000,-0.600000,0.600000,0.600000,0.600000,-0.600000,0.600000,-0.600000,-0.600000,-0.600000,-0.600000,0.600000,0.600000,-0.600000,-0.600000,-0.600000,-0.600000,0.600000,0.600000,0.600000,-0.600000,0.600000,-0.600000,0.570898,-0.600000,0.600000,-0.589158,-0.600000,-0.600000,-0.600000,-0.600000,-0.600000,-0.600000,-0.600000,-0.861638,-0.600000,0.600000,0.600000,-0.656057,0.600000,-0.600000,0.600000,0.600000,-0.600000,0.600000,-0.600000,0.600000,-0.600000,-0.600000,-0.600000,0.656057,-0.600000,-0.872060,-0.600000,-0.861638,0.600000,-0.600000,0.600000,-0.600000,-0.600000,-0.712233,-0.600000,-0.600000,-0.656057,-0.600000,-0.600000
13,0.600000,-0.600000,-0.600000,1.000000,-0.600000,-0.600000,-0.600000,0.600000,0.600000,0.600000,-0.600000,0.600000,-0.600000,-0.600000,-0.600000,-0.600000,0.600000,0.600000,-0.600000,-0.600000,-0.600000,-0.600000,0.600000,0.600000,0.600000,-0.600000,0.600000,-0.600000,0.563536,-0.600000,0.600000,-0.586737,-0.600000,-0.600000,-0.600000,-0.600000,-0.600000,-0.600000,-0.600000,-0.862830,-0.600000,0.600000,0.600000,-0.669488,0.600000,-0.600000,0.600000,0.600000,-0.600000,0.600000,-0.600000,0.600000,-0.600000,-0.600000,-0.600000,0.669488,-0.600000,-0.884908,-0.600000,-0.862830,0.600000,-0.600000,0.600000,-0.600000,-0.600000,-0.726395,-0.600000,-0.600000,-0.669488,-0.600000,-0.600000
14,0.600000,-0.600000,-0.600000,1.000000,-0.600000,-0.600000,-0.600000,0.600000,0.600000,0.600000,-0.600000,0.600000,-0.600000,-0.600000,-0.600000,-0.600000,0.600000,0.600000,-0.600000,-0.600000,-0.600000,-0.600000,0.600000,0.600000,0.600000,-0.600000,0.600000,-0.600000,0.559845,-0.600000,0.600000,-0.584311,-0.600000,-0.600000,-0.600000,-0.600000,-0.600000,-0.600000,-0.600000,-0.862830,-0.600000,0.600000,0.600000,-0.676104,0.600000,-0.600000,0.600000,0.600000,-0.600000,0.600000,-0.600000,0.600000,-0.600000,-0.600000,-0.600000,0.676104,-0.600000,-0.896620,-0.600000,-0.862830,0.600000,-0.600000,0.600000,-0.600000,-0.600000,-0.751517,-0.600000,-0.600000,-0.676104,-0.600000,-0.600000
15,0.600000,-0.600000,-0.600000,1.000000,-0.600000,-0.600000,-0.600000,0.600000,0.600000,0.600000,-0.600000,0.600000,-0.600000,-0.600000,-0.600000,-0.600000,0.600000,0.600000,-0.600000,-0.600000,-0.600000,-0.600000,0.600000,0.600000,0.600000,-0.600000,0.600000,-0.600000,0.557380,-0.600000,0.600000,-0.581881,-0.600000,-0.600000,-0.600000,-0.600000,-0.600000,-0.600000,-0.600000,-0.862830,-0.600000,0.600000,0.600000,-0.680475,0.600000,-0.600000,0.600000,0.600000,-0.600000,0.600000,-0.600000,0.600000,-0.600000,-0.600000,-0.600000,0.680475,-0.600000,-0.904701,-0.600000,-0.862830,0.600000,-0.600000,0.600000,-0.600000,-0.600000,-0.769764,-0.600000,-0.600000,-0.680475,-0.600000,-0.600000
16,0.600000,-0.600000,-0.600000,1.000000,-0.600000,-0.600000,-0.600000,0.600000,0.600000,0.600000,-0.600000,0.600000,-0.600000,-0.600000,-0.600000,-0.600000,0.600000,0.600000,-0.600000,-0.600000,-0.600000,-0.600000,0.600000,0.600000,0.600000,-0.600000,0.600000,-0.600000,0.554912,-0.600000,0.600000,-0.581881,-0.600000,-0.600000,-0.600000,-0.600000,-0.600000,-0.600000,-0.600000,-0.862830,-0.600000,0.600000,0.600000,-0.684816,0.600000,-0.600000,0.600000,0.600000,-0.600000,0.600000,-0.600000,0.600000,-0.600000,-0.600000,-0.600000,0.684816,-0.600000,-0.920665,-0.600000,-0.862830,0.600000,-0.600000,0.600000,-0.600000,-0.600000,-0.771536,-0.600000,-0.600000,-0.684816,-0.600000,-0.600000
17,0.600000,-0.600000,-0.600000,1.000000,-0.600000,-0.600000,-0.600000,0.600000,0.600000,0.600000,-0.600000,0.600000,-0.600000,-0.600000,-0.600000,-0.600000,0.600000,0.600000,-0.600000,-0.600000,-0.600000,-0.600000,0.600000,0.600000,0.600000,-0.600000,0.600000,-0.600000,0.554912,-0.600000,0.600000,-0.581881,-0.600000,-0.600000,-0.600000,-0.600000,-0.600000,-0.600000,-0.600000,-0.862830,-0.600000,0.600000,0.600000,-0.684816,0.600000,-0.600000,0.600000,0.600000,-0.600000,0.600000,-0.600000,0.600000,-0.600000,-0.600000,-0.600000,0.684816,-0.600000,-0.935376,-0.600000,-0.862830,0.600000,-0.600000,0.600000,-0.600000,-0.600000,-0.771536,-0.600000,-0.600000,-0.684816,-0.600000,-0.600000
18,0.600000,-0.600000,-0.600000,1.000000,-0.600000,-0.600000,-0.600000,0.600000,0.600000,0.600000,-0.600000,0.600000,-0.600000,-0.600000,-0.600000,-0.600000,0.600000,0.600000,-0.600000,-0.600000,-0.600000,-0.600000,0.600000,0.600000,0.600000,-0.600000,0.600000,-0.600000,0.554912,-0.600000,0.600000,-0.581881,-0.600000,-0.600000,-0.600000,-0.600000,-0.600000,-0.600000,-0.600000,-0.885926,-0.600000,0.600000,0.600000,-0.684816,0.600000,-0.600000,0.600000,0.600000,-0.600000,0.600000,-0.600000,0.600000,-0.600000,-0.600000,-0.600000,0.684816,-0.600000,-0.947014,-0.600000,-0.885926,0.600000,-0.600000,0.600000,-0.600000,-0.600000,-0.804960,-0.600000,-0.600000,-0.684816,-0.600000,-0.600000
19,0.600000,-0.600000,-0.600000,1.000000,-0.600000,-0.600000,-0.600000,0.600000,0.600000,0.600000,-0.600000,0.600000,-0.600000,-0.600000,-0.600000,-0.600000,0.600000,0.600000,-0.600000,-0.600000,-0.600000,-0.600000,0.600000,0.600000,0.600000,-0.600000,0.600000,-0.600000,0.554912,-0.600000,0.600000,-0.581881,-0.600000,-0.600000,-0.600000,-0.600000,-0.600000,-0.600000,-0.600000,-0.906418,-0.600000,0.600000,0.600000,-0.684816,0.600000,-0.600000,0.600000,0.600000,-0.600000,0.600000,-0.600000,0.600000,-0.600000,-0.600000,-0.600000,0.684816,-0.600000,-0.957070,-0.600000,-0.906418,0.600000,-0.600000,0.600000,-0.600000,-0.600000,-0.837303,-0.600000,-0.600000,-0.684816,-0.600000,-0.600000
20,0.600000,-0.600000,-0.600000,1.000000,-0.600000,-0.600000,-0.600000,0.600000,0.600000,0.600000,-0.600000,0.600000,-0.600000,-0.600000,-0.600000,-0.600000,0.600000,0.600000,-0.600000,-0.600000,-0.600000,-0.600000,0.600000,0.600000,0.600000,-0.600000,0.600000,-0.600000,0.554912,-0.600000,0.600000,-0.581881,-0.600000,-0.600000,-0.600000,-0.600000,-0.600000,-0.600000,-0.600000,-0.907267,-0.600000,0.600000,0.600000,-0.684816,0.600000,-0.600000,0.600000,0.600000,-0.600000,0.600000,-0.600000,0.600000,-0.600000,-0.600000,-0.600000,0.684816,-0.600000,-0.965287,-0.600000,-0.907267,0.600000,-0.600000,0.600000,-0.600000,-0.600000,-0.838665,-0.600000,-0.600000,-0.684816,-0.600000,-0.600000
21,0.600000,-0.600000,-0.600000,1.000000,-0.600000,-0.600000,-0.600000,0.600000,0.600000,0.600000,-0.600000,0.600000,-0.600000,-0.600000,-0.600000,-0.600000,0.600000,0.600000,-0.600000,-0.600000,-0.600000,-0.600000,0.600000,0.600000,0.600000,-0.600000,0.600000,-0.600000,0.554912,-0.600000,0.600000,-0.581881,-0.600000,-0.600000,-0.600000,-0.600000,-0.600000,-0.600000,-0.600000,-0.907267,-0.600000,0.600000,0.600000,-0.684816,0.600000,-0.600000,0.600000,0.600000,-0.600000,0.600000,-0.600000,0.600000,-0.600000,-0.600000,-0.600000,0.684816,-0.600000,-0.971978,-0.600000,-0.907267,0.600000,-0.600000,0.600000,-0.600000,-0.600000,-0.838665,-0.600000,-0.600000,-0.684816,-0.600000,-0.600000
22,0.600000,-0.600000,-0.600000,1.000000,-0.600000,-0.600000,-0.600000,0.600000,0.600000,0.600000,-0.600000,0.600000,-0.600000,-0.600000,-0.600000,-0.600000,0.600000,0.600000,-0.600000,-0.600000,-0.600000,-0.600000,0.600000,0.600000,0.600000,-0.600000,0.600000,-0.600000,0.554912,-0.600000,0.600000,-0.581881,-0.600000,-0.600000,-0.600000,-0.600000,-0.600000,-0.600000,-0.600000,-0.907267,-0.600000,0.600000,0.600000,-0.684816,0.600000,-0.600000,0.600000,0.600000,-0.600000,0.600000,-0.600000,0.600000,-0.600000,-0.600000,-0.600000,0.684816,-0.600000,-0.977410,-0.600000,-0.907267,0.600000,-0.600000,0.600000,-0.600000,-0.600000,-0.838665,-0.600000,-0.600000,-0.684816,-0.600000,-0.600000
23,0.600000,-0.600000,-0.600000,1.000000,-0.600000,-0.600000,-0.600000,0.600000,0.600000,0.600000,-0.600000,0.600000,-0.600000,-0.600000,-0.600000,-0.600000,0.600000,0.600000,-0.600000,-0.600000,-0.600000,-0.600000,0.600000,0.600000,0.600000,-0.600000,0.600000,-0.600000,0.554912,-0.600000,0.600000,-0.581881,-0.600000,-0.600000,-0.600000,-0.600000,-0.600000,-0.600000,-0.600000,-0.913013,-0.600000,0.600000,0.600000,-0.684816,0.600000,-0.600000,0.600000,0.600000,-0.600000,0.600000,-0.600000,0.600000,-0.600000,-0.600000,-0.600000,0.684816,-0.600000,-0.980509,-0.600000,-0.913013,0.600000,-0.600000,0.600000,-0.600000,-0.600000,-0.838665,-0.600000,-0.600000,-0.684816,-0.600000,-0.600000
24,0.600000,-0.600000,-0.600000,1.000000,-0.600000,-0.600000,-0.600000,0.600000,0.600000,0.600000,-0.600000,0.600000,-0.600000,-0.600000,-0.600000,-0.600000,0.600000,0.600000,-0.600000,-0.600000,-0.600000,-0.600000,0.600000,0.600000,0.600000,-0.600000,0.600000,-0.600000,0.554912,-0.600000,0.600000,-0.581881,-0.600000,-0.600000,-0.600000,-0.600000,-0.600000,-0.600000,-0.600000,-0.919185,-0.600000,0.600000,0.600000,-0.684816,0.600000,-0.600000,0.600000,0.600000,-0.600000,0.600000,-0.600000,0.600000,-0.600000,-0.600000,-0.600000,0.684816,-0.600000,-0.983356,-0.600000,-0.919185,0.600000,-0.600000,0.600000,-0.600000,-0.600000,-0.838665,-0.600000,-0.600000,-0.684816,-0.600000,-0.600000
25,0.600000,-0.600000,-0.600000,1.000000,-0.600000,-0.600000,-0.600000,0.600000,0.600000,0.600000,-0.600000,0.600000,-0.600000,-0.600000,-0.600000,-0.600000,0.600000,0.600000,-0.600000,-0.600000,-0.600000,-0.600000,0.600000,0.600000,0.600000,-0.600000,0.600000,-0.600000,0.554912,-0.600000,0.600000,-0.581881,-0.600000,-0.600000,-0.600000,-0.600000,-0.600000,-0.600000,-0.600000,-0.919185,-0.600000,0.600000,0.600000,-0.684816,0.600000,-0.600000,0.600000,0.600000,-0.600000,0.600000,-0.600000,0.600000,-0.600000,-0.600000,-0.600000,0.684816,-0.600000,-0.986613,-0.600000,-0.919185,0.600000,-0.600000,0.600000,-0.600000,-0.600000,-0.838665,-0.600000,-0.600000,-0.684816,-0.600000,-0.600000
26,0.600000,-0.600000,-0.600000,1.000000,-0.600000,-0.600000,-0.600000,0.600000,0.600000,0.600000,-0.600000,0.600000,-0.600000,-0.600000,-0.600000,-0.600000,0.600000,0.600000,-0.600000,-0.600000,-0.600000,-0.600000,0.600000,0.600000,0.600000,-0.600000,0.600000,-0.600000,0.552441,-0.600000,0.600000,-0.581881,-0.600000,-0.600000,-0.600000,-0.600000,-0.600000,-0.600000,-0.600000,-0.929033,-0.600000,0.600000,0.600000,-0.689125,0.600000,-0.600000,0.600000,0.600000,-0.600000,0.600000,-0.600000,0.600000,-0.600000,-0.600000,-0.600000,0.689125,-0.600000,-0.988233,-0.600000,-0.929033,0.600000,-0.600000,0.600000,-0.600000,-0.600000,-0.838665,-0.600000,-0.600000,-0.689125,-0.600000,-0.600000
27,0.600000,-0.600000,-0.600000,1.000000,-0.600000,-0.600000,-0.600000,0.600000,0.600000,0.600000,-0.600000,0.600000,-0.600000,-0.600000,-0.600000,-0.600000,0.600000,0.600000,-0.600000,-0.600000,-0.600000,-0.600000,0.600000,0.600000,0.600000,-0.600000,0.600000,-0.600000,0.552441,-0.600000,0.600000,-0.581881,-0.600000,-0.600000,-0.600000,-0.600000,-0.600000,-0.600000,-0.600000,-0.929692,-0.600000,0.600000,0.600000,-0.689125,0.600000,-0.600000,0.600000,0.600000,-0.600000,0.600000,-0.600000,0.600000,-0.600000,-0.600000,-0.600000,0.689125,-0.600000,-0.990545,-0.600000,-0.929692,0.600000,-0.600000,0.600000,-0.600000,-0.600000,-0.838665,-0.600000,-0.600000,-0.689125,-0.600000,-0.600000
28,0.600000,-0.600000,-0.600000,1.000000,-0.600000,-0.600000,-0.600000,0.600000,0.600000,0.600000,-0.600000,0.600000,-0.600000,-0.600000,-0.600000,-0.600000,0.600000,0.600000,-0.600000,-0.600000,-0.600000,-0.600000,0.600000,0.600000,0.600000,-0.600000,0.600000,-0.600000,0.552441,-0.600000,0.600000,-0.581881,-0.600000,-0.600000,-0.600000,-0.600000,-0.600000,-0.600000,-0.600000,-0.929692,-0.600000,0.600000,0.600000,-0.689125,0.600000,-0.600000,0.600000,0.600000,-0.600000,0.600000,-0.600000,0.600000,-0.600000,-0.600000,-0.600000,0.689125,-0.600000,-0.992406,-0.600000,-0.929692,0.600000,-0.600000,0.600000,-0.600000,-0.600000,-0.838665,-0.600000,-0.600000,-0.689125,-0.600000,-0.600000
29,0.600000,-0.600000,-0.600000,1.000000,-0.600000,-0.600000,-0.600000,0.600000,0.600000,0.600000,-0.600000,0.600000,-0.600000,-0.600000,-0.600000,-0.600000,0.600000,0.600000,-0.600000,-0.600000,-0.600000,-0.600000,0.600000,0.600000,0.600000,-0.600000,0.600000,-0.600000,0.551205,-0.600000,0.600000,-0.581881,-0.600000,-0.600000,-0.600000,-0.600000,-0.600000,-0.600000,-0.600000,-0.939498,-0.600000,0.600000,0.600000,-0.691267,0.600000,-0.600000,0.600000,0.600000,-0.600000,0.600000,-0.600000,0.600000,-0.600000,-0.600000,-0.600000,0.691267,-0.600000,-0.993127,-0.600000,-0.939498,0.600000,-0.600000,0.600000,-0.600000,-0.600000,-0.838665,-0.600000,-0.600000,-0.691267,-0.600000,-0.600000
30,0.600000,-0.600000,-0.600000,1.000000,-0.600000,-0.600000,-0.600000,0.600000,0.600000,0.600000,-0.600000,0.600000,-0.600000,-0.600000,-0.600000,-0.600000,0.600000,0.600000,-0.600000,-0.600000,-0.600000,-0.600000,0.600000,0.600000,0.600000,-0.600000,0.600000,-0.600000,0.551205,-0.600000,0.600000,-0.581881,-0.600000,-0.600000,-0.600000,-0.600000,-0.600000,-0.600000,-0.600000,-0.950905,-0.600000,0.600000,0.600000,-0.691267,0.600000,-0.600000,0.600000,0.600000,-0.600000,0.600000,-0.600000,0.600000,-0.600000,-0.600000,-0.600000,0.691267,-0.600000,-0.994372,-0.600000,-0.950905,0.600000,-0.600000,0.600000,-0.600000,-0.600000,-0.865189,-0.600000,-0.600000,-0.691267,-0.600000,-0.600000
31,0.600000,-0.600000,-0.600000,1.000000,-0.600000,-0.600000,-0.600000,0.600000,0.600000,0.600000,-0.600000,0.600000,-0.600000,-0.600000,-0.600000,-0.600000,0.600000,0.600000,-0.600000,-0.600000,-0.600000,-0.600000,0.600000,0.600000,0.600000,-0.600000,0.600000,-0.600000,0.549968,-0.600000,0.600000,-0.581881,-0.600000,-0.600000,-0.600000,-0.600000,-0.600000,-0.600000,-0.600000,-0.951834,-0.600000,0.600000,0.600000,-0.693401,0.600000,-0.600000,0.600000,0.600000,-0.600000,0.600000,-0.600000,0.600000,-0.600000,-0.600000,-0.600000,0.693401,-0.600000,-0.995008,-0.600000,-0.951834,0.600000,-0.600000,0.600000,-0.600000,-0.600000,-0.866355,-0.600000,-0.600000,-0.693401,-0.600000,-0.600000
32,0.600000,-0.600000,-0.600000,1.000000,-0.600000,-0.600000,-0.600000,0.600000,0.600000,0.600000,-0.600000,0.600000,-0.600000,-0.600000,-0.600000,-0.600000,0.600000,0.600000,-0.600000,-0.600000,-0.600000,-0.600000,0.600000,0.600000,0.600000,-0.600000,0.600000,-0.600000,0.546254,-0.600000,0.600000,-0.579447,-0.600000,-0.600000,-0.600000,-0.600000,-0.600000,-0.600000,-0.600000,-0.955814,-0.600000,0.600000,0.600000,-0.699755,0.600000,-0.600000,0.600000,0.600000,-0.600000,0.600000,-0.600000,0.600000,-0.600000,-0.600000,-0.600000,0.699755,-0.600000,-0.995617,-0.600000,-0.955814,0.600000,-0.600000,0.600000,-0.600000,-0.600000,-0.868662,-0.600000,-0.600000,-0.699755,-0.600000,-0.600000
33,0.600000,-0.600000,-0.600000,1.000000,-0.600000,-0.600000,-0.600000,0.600000,0.600000,0.600000,-0.600000,0.600000,-0.600000,-0.600000,-0.600000,-0.600000,0.600000,0.600000,-0.600000,-0.600000,-0.600000,-0.600000,0.600000,0.600000,0.600000,-0.600000,0.600000,-0.600000,0.540052,-0.600000,0.600000,-0.577009,-0.600000,-0.600000,-0.600000,-0.600000,-0.600000,-0.600000,-0.600000,-0.957888,-0.600000,0.600000,0.600000,-0.710175,0.600000,-0.600000,0.600000,0.600000,-0.600000,0.600000,-0.600000,0.600000,-0.600000,-0.600000,-0.600000,0.710175,-0.600000,-0.996151,-0.600000,-0.957888,0.600000,-0.600000,0.600000,-0.600000,-0.600000,-0.870936,-0.600000,-0.600000,-0.710175,-0.600000,-0.600000
34,0.600000,-0.600000,-0.600000,1.000000,-0.600000,-0.600000,-0.600000,0.600000,0.600000,0.600000,-0.600000,0.600000,-0.600000,-0.600000,-0.600000,-0.600000,0.600000,0.600000,-0.600000,-0.600000,-0.600000,-0.600000,0.600000,0.600000,0.600000,-0.600000,0.600000,-0.600000,0.540052,-0.600000,0.600000,-0.575789,-0.600000,-0.600000,-0.600000,-0.600000,-0.600000,-0.600000,-0.600000,-0.959479,-0.600000,0.600000,0.600000,-0.710175,0.600000,-0.600000,0.600000,0.600000,-0.600000,0.600000,-0.600000,0.600000,-0.600000,-0.600000,-0.600000,0.710175,-0.600000,-0.996376,-0.600000,-0.959479,0.600000,-0.600000,0.600000,-0.600000,-0.600000,-0.873175,-0.600000,-0.600000,-0.710175,-0.600000,-0.600000
35,0.600000,-0.600000,-0.600000,1.000000,-0.600000,-0.600000,-0.600000,0.600000,0.600000,0.600000,-0.600000,0.600000,-0.600000,-0.600000,-0.600000,-0.600000,0.600000,0.600000,-0.600000,-0.600000,-0.600000,-0.600000,0.600000,0.600000,0.600000,-0.600000,0.600000,-0.600000,0.537567,-0.600000,0.600000,-0.573345,-0.600000,-0.600000,-0.600000,-0.600000,-0.600000,-0.600000,-0.600000,-0.960635,-0.600000,0.600000,0.600000,-0.714282,0.600000,-0.600000,0.600000,0.600000,-0.600000,0.600000,-0.600000,0.600000,-0.600000,-0.600000,-0.600000,0.714282,-0.600000,-0.996587,-0.600000,-0.960635,0.600000,-0.600000,0.600000,-0.600000,-0.600000,-0.874283,-0.600000,-0.600000,-0.714282,-0.600000,-0.600000
36,0.600000,-0.600000,-0.600000,1.000000,-0.600000,-0.600000,-0.600000,0.600000,0.600000,0.600000,-0.600000,0.600000,-0.600000,-0.600000,-0.600000,-0.600000,0.600000,0.600000,-0.600000,-0.600000,-0.600000,-0.600000,0.600000,0.600000,0.600000,-0.600000,0.600000,-0.600000,0.536324,-0.600000,0.600000,-0.573345,-0.600000,-0.600000,-0.600000,-0.600000,-0.600000,-0.600000,-0.600000,-0.961388,-0.600000,0.600000,0.600000,-0.716323,0.600000,-0.600000,0.600000,0.600000,-0.600000,0.600000,-0.600000,0.600000,-0.600000,-0.600000,-0.600000,0.716323,-0.600000,-0.997179,-0.600000,-0.961388,0.600000,-0.600000,0.600000,-0.600000,-0.600000,-0.875382,-0.600000,-0.600000,-0.716323,-0.600000,-0.600000
37,0.600000,-0.600000,-0.600000,1.000000,-0.600000,-0.600000,-0.600000,0.600000,0.600000,0.600000,-0.600000,0.600000,-0.600000,-0.600000,-0.600000,-0.600000,0.600000,0.600000,-0.600000,-0.600000,-0.600000,-0.600000,0.600000,0.600000,0.600000,-0.600000,0.600000,-0.600000,0.535081,-0.600000,0.600000,-0.573345,-0.600000,-0.600000,-0.600000,-0.600000,-0.600000,-0.600000,-0.600000,-0.962127,-0.600000,0.600000,0.600000,-0.718355,0.600000,-0.600000,0.600000,0.600000,-0.600000,0.600000,-0.600000,0.600000,-0.600000,-0.600000,-0.600000,0.718355,-0.600000,-0.997573,-0.600000,-0.962127,0.600000,-0.600000,0.600000,-0.600000,-0.600000,-0.876473,-0.600000,-0.600000,-0.718355,-0.600000,-0.600000
38,0.600000,-0.600000,-0.600000,1.000000,-0.600000,-0.600000,-0.600000,0.600000,0.600000,0.600000,-0.600000,0.600000,-0.600000,-0.600000,-0.600000,-0.600000,0.600000,0.600000,-0.600000,-0.600000,-0.600000,-0.600000,0.600000,0.600000,0.600000,-0.600000,0.600000,-0.600000,0.535081,-0.600000,0.600000,-0.573345,-0.600000,-0.600000,-0.600000,-0.600000,-0.600000,-0.600000,-0.600000,-0.962852,-0.600000,0.600000,0.600000,-0.718355,0.600000,-0.600000,0.600000,0.600000,-0.600000,0.600000,-0.600000,0.600000,-0.600000,-0.600000,-0.600000,0.718355,-0.600000,-0.997973,-0.600000,-0.962852,0.600000,-0.600000,0.600000,-0.600000,-0.600000,-0.877555,-0.600000,-0.600000,-0.718355,-0.600000,-0.600000
39,0.600000,-0.600000,-0.600000,1.000000,-0.600000,-0.600000,-0.600000,0.600000,0.600000,0.600000,-0.600000,0.600000,-0.600000,-0.600000,-0.600000,-0.600000,0.600000,0.600000,-0.600000,-0.600000,-0.600000,-0.600000,0.600000,0.600000,0.600000,-0.600000,0.600000,-0.600000,0.535081,-0.600000,0.600000,-0.573345,-0.600000,-0.600000,-0.600000,-0.600000,-0.600000,-0.600000,-0.600000,-0.963564,-0.600000,0.600000,0.600000,-0.718355,0.600000,-0.600000,0.600000,0.600000,-0.600000,0.600000,-0.600000,0.600000,-0.600000,-0.600000,-0.600000,0.718355,-0.600000,-0.998342,-0.600000,-0.963564,0.600000,-0.600000,0.600000,-0.600000,-0.600000,-0.878630,-0.600000,-0.600000,-0.718355,-0.600000,-0.600000
40,0.600000,-0.600000,-0.600000,1.000000,-0.600000,-0.600000,-0.600000,0.600000,0.600000,0.600000,-0.600000,0.600000,-0.600000,-0.600000,-0.600000,-0.600000,0.600000,0.600000,-0.600000,-0.600000,-0.600000,-0.600000,0.600000,0.600000,0.600000,-0.600000,0.600000,-0.600000,0.535081,-0.600000,0.600000,-0.573345,-0.600000,-0.600000,-0.600000,-0.600000,-0.600000,-0.600000,-0.600000,-0.966932,-0.600000,0.600000,0.600000,-0.718355,0.600000,-0.600000,0.600000,0.600000,-0.600000,0.600000,-0.600000,0.600000,-0.600000,-0.600000,-0.600000,0.718355,-0.600000,-0.998545,-0.600000,-0.966932,0.600000,-0.600000,0.600000,-0.600000,-0.600000,-0.878630,-0.600000,-0.600000,-0.718355,-0.600000,-0.600000
41,0.600000,-0.600000,-0.600000,1.000000,-0.600000,-0.600000,-0.600000,0.600000,0.600000,0.600000,-0.600000,0.600000,-0.600000,-0.600000,-0.600000,-0.600000,0.600000,0.600000,-0.600000,-0.600000,-0.600000,-0.600000,0.600000,0.600000,0.600000,-0.600000,0.600000,-0.600000,0.533837,-0.600000,0.600000,-0.573345,-0.600000,-0.600000,-0.600000,-0.600000,-0.600000,-0.600000,-0.600000,-0.969108,-0.600000,0.600000,0.600000,-0.720378,0.600000,-0.600000,0.600000,0.600000,-0.600000,0.600000,-0.600000,0.600000,-0.600000,-0.600000,-0.600000,0.720378,-0.600000,-0.998616,-0.600000,-0.969108,0.600000,-0.600000,0.600000,-0.600000,-0.600000,-0.880755,-0.600000,-0.600000,-0.720378,-0.600000,-0.600000
42,0.600000,-0.600000,-0.600000,1.000000,-0.600000,-0.600000,-0.600000,0.600000,0.600000,0.600000,-0.600000,0.600000,-0.600000,-0.600000,-0.600000,-0.600000,0.600000,0.600000,-0.600000,-0.600000,-0.600000,-0.600000,0.600000,0.600000,0.600000,-0.600000,0.600000,-0.600000,0.532593,-0.600000,0.600000,-0.572122,-0.600000,-0.600000,-0.600000,-0.600000,-0.600000,-0.600000,-0.600000,-0.970863,-0.600000,0.600000,0.600000,-0.722393,0.600000,-0.600000,0.600000,0.600000,-0.600000,0.600000,-0.600000,0.600000,-0.600000,-0.600000,-0.600000,0.722393,-0.600000,-0.998785,-0.600000,-0.970863,0.600000,-0.600000,0.600000,-0.600000,-0.600000,-0.884908,-0.600000,-0.600000,-0.722393,-0.600000,-0.600000
43,0.600000,-0.600000,-0.600000,1.000000,-0.600000,-0.600000,-0.600000,0.600000,0.600000,0.600000,-0.600000,0.600000,-0.600000,-0.600000,-0.600000,-0.600000,0.600000,0.600000,-0.600000,-0.600000,-0.600000,-0.600000,0.600000,0.600000,0.600000,-0.600000,0.600000,-0.600000,0.531348,-0.600000,0.600000,-0.572122,-0.600000,-0.600000,-0.600000,-0.600000,-0.600000,-0.600000,-0.600000,-0.971703,-0.600000,0.600000,0.600000,-0.724398,0.600000,-0.600000,0.600000,0.600000,-0.600000,0.600000,-0.600000,0.600000,-0.600000,-0.600000,-0.600000,0.724398,-0.600000,-0.998845,-0.600000,-0.971703,0.600000,-0.600000,0.600000,-0.600000,-0.600000,-0.886937,-0.600000,-0.600000,-0.724398,-0.600000,-0.600000
44,0.600000,-0.600000,-0.600000,1.000000,-0.600000,-0.600000,-0.600000,0.600000,0.600000,0.600000,-0.600000,0.600000,-0.600000,-0.600000,-0.600000,-0.600000,0.600000,0.600000,-0.600000,-0.600000,-0.600000,-0.600000,0.600000,0.600000,0.600000,-0.600000,0.600000,-0.600000,0.523872,-0.600000,0.600000,-0.568448,-0.600000,-0.600000,-0.600000,-0.600000,-0.600000,-0.600000,-0.600000,-0.971978,-0.600000,0.600000,0.600000,-0.736241,0.600000,-0.600000,0.600000,0.600000,-0.600000,0.600000,-0.600000,0.600000,-0.600000,-0.600000,-0.600000,0.736241,-0.600000,-0.999016,-0.600000,-0.971978,0.600000,-0.600000,0.600000,-0.600000,-0.600000,-0.890902,-0.600000,-0.600000,-0.736241,-0.600000,-0.600000
45,0.600000,-0.600000,-0.600000,1.000000,-0.600000,-0.600000,-0.600000,0.600000,0.600000,0.600000,-0.600000,0.600000,-0.600000,-0.600000,-0.600000,-0.600000,0.600000,0.600000,-0.600000,-0.600000,-0.600000,-0.600000,0.600000,0.600000,0.600000,-0.600000,0.600000,-0.600000,0.523872,-0.600000,0.600000,-0.568448,-0.600000,-0.600000,-0.600000,-0.600000,-0.600000,-0.600000,-0.600000,-0.971978,-0.600000,0.600000,0.600000,-0.736241,0.600000,-0.600000,0.600000,0.600000,-0.600000,0.600000,-0.600000,0.600000,-0.600000,-0.600000,-0.600000,0.736241,-0.600000,-0.999203,-0.600000,-0.971978,0.600000,-0.600000,0.600000,-0.600000,-0.600000,-0.890902,-0.600000,-0.600000,-0.736241,-0.600000,-0.600000
46,0.600000,-0.600000,-0.600000,1.000000,-0.600000,-0.600000,-0.600000,0.600000,0.600000,0.600000,-0.600000,0.600000,-0.600000,-0.600000,-0.600000,-0.600000,0.600000,0.600000,-0.600000,-0.600000,-0.600000,-0.600000,0.600000,0.600000,0.600000,-0.600000,0.600000,-0.600000,0.523872,-0.600000,0.600000,-0.568448,-0.600000,-0.600000,-0.600000,-0.600000,-0.600000,-0.600000,-0.600000,-0.971978,-0.600000,0.600000,0.600000,-0.736241,0.600000,-0.600000,0.600000,0.600000,-0.600000,0.600000,-0.600000,0.600000,-0.600000,-0.600000,-0.600000,0.736241,-0.600000,-0.999361,-0.600000,-0.971978,0.600000,-0.600000,0.600000,-0.600000,-0.600000,-0.890902,-0.600000,-0.600000,-0.736241,-0.600000,-0.600000
47,0.600000,-0.600000,-0.600000,1.000000,-0.600000,-0.600000,-0.600000,0.600000,0.600000,0.600000,-0.600000,0.600000,-0.600000,-0.600000,-0.600000,-0.600000,0.600000,0.600000,-0.600000,-0.600000,-0.600000,-0.600000,0.600000,0.600000,0.600000,-0.600000,0.600000,-0.600000,0.523872,-0.600000,0.600000,-0.568448,-0.600000,-0.600000,-0.600000,-0.600000,-0.600000,-0.600000,-0.600000,-0.977187,-0.600000,0.600000,0.600000,-0.736241,0.600000,-0.600000,0.600000,0.600000,-0.600000,0.600000,-0.600000,0.600000,-0.600000,-0.600000,-0.600000,0.736241,-0.600000,-0.999398,-0.600000,-0.977187,0.600000,-0.600000,0.600000,-0.600000,-0.600000,-0.890902,-0.600000,-0.600000,-0.736241,-0.600000,-0.600000
48,0.600000,-0.600000,-0.600000,1.000000,-0.600000,-0.600000,-0.600000,0.600000,0.600000,0.600000,-0.600000,0.600000,-0.600000,-0.600000,-0.600000,-0.600000,0.600000,0.600000,-0.600000,-0.600000,-0.600000,-0.600000,0.600000,0.600000,0.600000,-0.600000,0.600000,-0.600000,0.515137,-0.600000,0.600000,-0.568448,-0.600000,-0.600000,-0.600000,-0.600000,-0.600000,-0.600000,-0.600000,-0.981263,-0.600000,0.600000,0.600000,-0.749640,0.600000,-0.600000,0.600000,0.600000,-0.600000,0.600000,-0.600000,0.600000,-0.600000,-0.600000,-0.600000,0.749640,-0.600000,-0.999456,-0.600000,-0.981263,0.600000,-0.600000,0.600000,-0.600000,-0.600000,-0.893795,-0.600000,-0.600000,-0.749640,-0.600000,-0.600000
49,0.600000,-0.600000,-0.600000,1.000000,-0.600000,-0.600000,-0.600000,0.600000,0.600000,0.600000,-0.600000,0.600000,-0.600000,-0.600000,-0.600000,-0.600000,0.600000,0.600000,-0.600000,-0.600000,-0.600000,-0.600000,0.600000,0.600000,0.600000,-0.600000,0.600000,-0.600000,0.515137,-0.600000,0.600000,-0.568448,-0.600000,-0.600000,-0.600000,-0.600000,-0.600000,-0.600000,-0.600000,-0.984773,-0.600000,0.600000,0.600000,-0.749640,0.600000,-0.600000,0.600000,0.600000,-0.600000,0.600000,-0.600000,0.600000,-0.600000,-0.600000,-0.600000,0.749640,-0.600000,-0.999498,-0.600000,-0.984773,0.600000,-0.600000,0.600000,-0.600000,-0.600000,-0.898467,-0.600000,-0.600000,-0.749640,-0.600000,-0.600000
50,0.600000,-0.600000,-0.600000,1.000000,-0.600000,-0.600000,-0.600000,0.600000,0.600000,0.600000,-0.600000,0.600000,-0.600000,-0.600000,-0.600000,-0.600000,0.600000,0.600000,-0.600000,-0.600000,-0.600000,-0.600000,0.600000,0.600000,0.600000,-0.600000,0.600000,-0.600000,0.512639,-0.600000,0.600000,-0.568448,-0.600000,-0.600000,-0.600000,-0.600000,-0.600000,-0.600000,-0.600000,-0.986071,-0.600000,0.600000,0.600000,-0.753384,0.600000,-0.600000,0.600000,0.600000,-0.600000,0.600000,-0.600000,0.600000,-0.600000,-0.600000,-0.600000,0.753384,-0.600000,-0.999527,-0.600000,-0.986071,0.600000,-0.600000,0.600000,-0.600000,-0.600000,-0.901182,-0.600000,-0.600000,-0.753384,-0.600000,-0.600000
51,0.600000,-0.600000,-0.600000,1.000000,-0.600000,-0.600000,-0.600000,0.600000,0.600000,0.600000,-0.600000,0.600000,-0.600000,-0.600000,-0.600000,-0.600000,0.600000,0.600000,-0.600000,-0.600000,-0.600000,-0.600000,0.600000,0.600000,0.600000,-0.600000,0.600000,-0.600000,0.510140,-0.600000,0.600000,-0.565994,-0.600000,-0.600000,-0.600000,-0.600000,-0.600000,-0.600000,-0.600000,-0.986876,-0.600000,0.600000,0.600000,-0.757091,0.600000,-0.600000,0.600000,0.600000,-0.600000,0.600000,-0.600000,0.600000,-0.600000,-0.600000,-0.600000,0.757091,-0.600000,-0.999573,-0.600000,-0.986876,0.600000,-0.600000,0.600000,-0.600000,-0.600000,-0.906418,-0.600000,-0.600000,-0.757091,-0.600000,-0.600000
52,0.600000,-0.600000,-0.600000,1.000000,-0.600000,-0.600000,-0.600000,0.600000,0.600000,0.600000,-0.600000,0.600000,-0.600000,-0.600000,-0.600000,-0.600000,0.600000,0.600000,-0.600000,-0.600000,-0.600000,-0.600000,0.600000,0.600000,0.600000,-0.600000,0.600000,-0.600000,0.507641,-0.600000,0.600000,-0.564765,-0.600000,-0.600000,-0.600000,-0.600000,-0.600000,-0.600000,-0.600000,-0.988914,-0.600000,0.600000,0.600000,-0.760759,0.600000,-0.600000,0.600000,0.600000,-0.600000,0.600000,-0.600000,0.600000,-0.600000,-0.600000,-0.600000,0.760759,-0.600000,-0.999613,-0.600000,-0.988914,0.600000,-0.600000,0.600000,-0.600000,-0.600000,-0.910591,-0.600000,-0.600000,-0.760759,-0.600000,-0.600000
53,0.600000,-0.600000,-0.600000,1.000000,-0.600000,-0.600000,-0.600000,0.600000,0.600000,0.600000,-0.600000,0.600000,-0.600000,-0.600000,-0.600000,-0.600000,0.600000,0.600000,-0.600000,-0.600000,-0.600000,-0.600000,0.600000,0.600000,0.600000,-0.600000,0.600000,-0.600000,0.501392,-0.600000,0.600000,-0.564765,-0.600000,-0.600000,-0.600000,-0.600000,-0.600000,-0.600000,-0.600000,-0.989023,-0.600000,0.600000,0.600000,-0.769764,0.600000,-0.600000,0.600000,0.600000,-0.600000,0.600000,-0.600000,0.600000,-0.600000,-0.600000,-0.600000,0.769764,-0.600000,-0.999647,-0.600000,-0.989023,0.600000,-0.600000,0.600000,-0.600000,-0.600000,-0.914595,-0.600000,-0.600000,-0.769764,-0.600000,-0.600000
54,0.600000,-0.600000,-0.600000,1.000000,-0.600000,-0.600000,-0.600000,0.600000,0.600000,0.600000,-0.600000,0.600000,-0.600000,-0.600000,-0.600000,-0.600000,0.600000,0.600000,-0.600000,-0.600000,-0.600000,-0.600000,0.600000,0.600000,0.600000,-0.600000,0.600000,-0.600000,0.501392,-0.600000,0.600000,-0.563536,-0.600000,-0.600000,-0.600000,-0.600000,-0.600000,-0.600000,-0.600000,-0.989023,-0.600000,0.600000,0.600000,-0.769764,0.600000,-0.600000,0.600000,0.600000,-0.600000,0.600000,-0.600000,0.600000,-0.600000,-0.600000,-0.600000,0.769764,-0.600000,-0.999681,-0.600000,-0.989023,0.600000,-0.600000,0.600000,-0.600000,-0.600000,-0.922838,-0.600000,-0.600000,-0.769764,-0.600000,-0.600000
55,0.600000,-0.600000,-0.600000,1.000000,-0.600000,-0.600000,-0.600000,0.600000,0.600000,0.600000,-0.600000,0.600000,-0.600000,-0.600000,-0.600000,-0.600000,0.600000,0.600000,-0.600000,-0.600000,-0.600000,-0.600000,0.600000,0.600000,0.600000,-0.600000,0.600000,-0.600000,0.497642,-0.600000,0.600000,-0.562307,-0.600000,-0.600000,-0.600000,-0.600000,-0.600000,-0.600000,-0.600000,-0.989023,-0.600000,0.600000,0.600000,-0.775052,0.600000,-0.600000,0.600000,0.600000,-0.600000,0.600000,-0.600000,0.600000,-0.600000,-0.600000,-0.600000,0.775052,-0.600000,-0.999741,-0.600000,-0.989023,0.600000,-0.600000,0.600000,-0.600000,-0.600000,-0.923550,-0.600000,-0.600000,-0.775052,-0.600000,-0.600000
56,0.600000,-0.600000,-0.600000,1.000000,-0.600000,-0.600000,-0.600000,0.600000,0.600000,0.600000,-0.600000,0.600000,-0.600000,-0.600000,-0.600000,-0.600000,0.600000,0.600000,-0.600000,-0.600000,-0.600000,-0.600000,0.600000,0.600000,0.600000,-0.600000,0.600000,-0.600000,0.497642,-0.600000,0.600000,-0.562307,-0.600000,-0.600000,-0.600000,-0.600000,-0.600000,-0.600000,-0.600000,-0.989023,-0.600000,0.600000,0.600000,-0.775052,0.600000,-0.600000,0.600000,0.600000,-0.600000,0.600000,-0.600000,0.600000,-0.600000,-0.600000,-0.600000,0.775052,-0.600000,-0.999793,-0.600000,-0.989023,0.600000,-0.600000,0.600000,-0.600000,-0.600000,-0.923550,-0.600000,-0.600000,-0.775052,-0.600000,-0.600000
57,0.600000,-0.600000,-0.600000,1.000000,-0.600000,-0.600000,-0.600000,0.600000,0.600000,0.600000,-0.600000,0.600000,-0.600000,-0.600000,-0.600000,-0.600000,0.600000,0.600000,-0.600000,-0.600000,-0.600000,-0.600000,0.600000,0.600000,0.600000,-0.600000,0.600000,-0.600000,0.497642,-0.600000,0.600000,-0.562307,-0.600000,-0.600000,-0.600000,-0.600000,-0.600000,-0.600000,-0.600000,-0.989023,-0.600000,0.600000,0.600000,-0.775052,0.600000,-0.600000,0.600000,0.600000,-0.600000,0.600000,-0.600000,0.600000,-0.600000,-0.600000,-0.600000,0.775052,-0.600000,-0.999834,-0.600000,-0.989023,0.600000,-0.600000,0.600000,-0.600000,-0.600000,-0.923550,-0.600000,-0.600000,-0.775052,-0.600000,-0.600000
58,0.600000,-0.600000,-0.600000,1.000000,-0.600000,-0.600000,-0.600000,0.600000,0.600000,0.600000,-0.600000,0.600000,-0.600000,-0.600000,-0.600000,-0.600000,0.600000,0.600000,-0.600000,-0.600000,-0.600000,-0.600000,0.600000,0.600000,0.600000,-0.600000,0.600000,-0.600000,0.497642,-0.600000,0.600000,-0.562307,-0.600000,-0.600000,-0.600000,-0.600000,-0.600000,-0.600000,-0.600000,-0.989023,-0.600000,0.600000,0.600000,-0.775052,0.600000,-0.600000,0.600000,0.600000,-0.600000,0.600000,-0.600000,0.600000,-0.600000,-0.600000,-0.600000,0.775052,-0.600000,-0.999867,-0.600000,-0.989023,0.600000,-0.600000,0.600000,-0.600000,-0.600000,-0.923550,-0.600000,-0.600000,-0.775052,-0.600000,-0.600000
59,0.600000,-0.600000,-0.600000,1.000000,-0.600000,-0.600000,-0.600000,0.600000,0.600000,0.600000,-0.600000,0.600000,-0.600000,-0.600000,-0.600000,-0.600000,0.600000,0.600000,-0.600000,-0.600000,-0.600000,-0.600000,0.600000,0.600000,0.600000,-0.600000,0.600000,-0.600000,0.496392,-0.600000,0.600000,-0.562307,-0.600000,-0.600000,-0.600000,-0.600000,-0.600000,-0.600000,-0.600000,-0.990731,-0.600000,0.600000,0.600000,-0.776796,0.600000,-0.600000,0.600000,0.600000,-0.600000,0.600000,-0.600000,0.600000,-0.600000,-0.600000,-0.600000,0.776796,-0.600000,-0.999878,-0.600000,-0.990731,0.600000,-0.600000,0.600000,-0.600000,-0.600000,-0.923550,-0.600000,-0.600000,-0.776796,-0.600000,-0.600000
60,0.600000,-0.600000,-0.600000,1.000000,-0.600000,-0.600000,-0.600000,0.600000,0.600000,0.600000,-0.600000,0.600000,-0.600000,-0.600000,-0.600000,-0.600000,0.600000,0.600000,-0.600000,-0.600000,-0.600000,-0.600000,0.600000,0.600000,0.600000,-0.600000,0.600000,-0.600000,0.493892,-0.600000,0.600000,-0.561076,-0.600000,-0.600000,-0.600000,-0.600000,-0.600000,-0.600000,-0.600000,-0.991693,-0.600000,0.600000,0.600000,-0.780254,0.600000,-0.600000,0.600000,0.600000,-0.600000,0.600000,-0.600000,0.600000,-0.600000,-0.600000,-0.600000,0.780254,-0.600000,-0.999883,-0.600000,-0.991693,0.600000,-0.600000,0.600000,-0.600000,-0.600000,-0.924256,-0.600000,-0.600000,-0.780254,-0.600000,-0.600000
61,0.600000,-0.600000,-0.600000,1.000000,-0.600000,-0.600000,-0.600000,0.600000,0.600000,0.600000,-0.600000,0.600000,-0.600000,-0.600000,-0.600000,-0.600000,0.600000,0.600000,-0.600000,-0.600000,-0.600000,-0.600000,0.600000,0.600000,0.600000,-0.600000,0.600000,-0.600000,0.491393,-0.600000,0.600000,-0.558612,-0.600000,-0.600000,-0.600000,-0.600000,-0.600000,-0.600000,-0.600000,-0.992018,-0.600000,0.600000,0.600000,-0.783673,0.600000,-0.600000,0.600000,0.600000,-0.600000,0.600000,-0.600000,0.600000,-0.600000,-0.600000,-0.600000,0.783673,-0.600000,-0.999890,-0.600000,-0.992018,0.600000,-0.600000,0.600000,-0.600000,-0.600000,-0.925650,-0.600000,-0.600000,-0.783673,-0.600000,-0.600000
62,0.600000,-0.600000,-0.600000,1.000000,-0.600000,-0.600000,-0.600000,0.600000,0.600000,0.600000,-0.600000,0.600000,-0.600000,-0.600000,-0.600000,-0.600000,0.600000,0.600000,-0.600000,-0.600000,-0.600000,-0.600000,0.600000,0.600000,0.600000,-0.600000,0.600000,-0.600000,0.490143,-0.600000,0.600000,-0.556146,-0.600000,-0.600000,-0.600000,-0.600000,-0.600000,-0.600000,-0.600000,-0.992481,-0.600000,0.600000,0.600000,-0.785368,0.600000,-0.600000,0.600000,0.600000,-0.600000,0.600000,-0.600000,0.600000,-0.600000,-0.600000,-0.600000,0.785368,-0.600000,-0.999897,-0.600000,-0.992481,0.600000,-0.600000,0.600000,-0.600000,-0.600000,-0.927021,-0.600000,-0.600000,-0.785368,-0.600000,-0.600000
63,0.600000,-0.600000,-0.600000,1.000000,-0.600000,-0.600000,-0.600000,0.600000,0.600000,0.600000,-0.600000,0.600000,-0.600000,-0.600000,-0.600000,-0.600000,0.600000,0.600000,-0.600000,-0.600000,-0.600000,-0.600000,0.600000,0.600000,0.600000,-0.600000,0.600000,-0.600000,0.490143,-0.600000,0.600000,-0.556146,-0.600000,-0.600000,-0.600000,-0.600000,-0.600000,-0.600000,-0.600000,-0.993964,-0.600000,0.600000,0.600000,-0.785368,0.600000,-0.600000,0.600000,0.600000,-0.600000,0.600000,-0.600000,0.600000,-0.600000,-0.600000,-0.600000,0.785368,-0.600000,-0.999902,-0.600000,-0.993964,0.600000,-0.600000,0.600000,-0.600000,-0.600000,-0.928368,-0.600000,-0.600000,-0.785368,-0.600000,-0.600000
64,0.600000,-0.600000,-0.600000,1.000000,-0.600000,-0.600000,-0.600000,0.600000,0.600000,0.600000,-0.600000,0.600000,-0.600000,-0.600000,-0.600000,-0.600000,0.600000,0.600000,-0.600000,-0.600000,-0.600000,-0.600000,0.600000,0.600000,0.600000,-0.600000,0.600000,-0.600000,0.487644,-0.600000,0.600000,-0.552441,-0.600000,-0.600000,-0.600000,-0.600000,-0.600000,-0.600000,-0.600000,-0.994200,-0.600000,0.600000,0.600000,-0.788730,0.600000,-0.600000,0.600000,0.600000,-0.600000,0.600000,-0.600000,0.600000,-0.600000,-0.600000,-0.600000,0.788730,-0.600000,-0.999912,-0.600000,-0.994200,0.600000,-0.600000,0.600000,-0.600000,-0.600000,-0.934766,-0.600000,-0.600000,-0.788730,-0.600000,-0.600000
65,0.600000,-0.600000,-0.600000,1.000000,-0.600000,-0.600000,-0.600000,0.600000,0.600000,0.600000,-0.600000,0.600000,-0.600000,-0.600000,-0.600000,-0.600000,0.600000,0.600000,-0.600000,-0.600000,-0.600000,-0.600000,0.600000,0.600000,0.600000,-0.600000,0.600000,-0.600000,0.485146,-0.600000,0.600000,-0.547493,-0.600000,-0.600000,-0.600000,-0.600000,-0.600000,-0.600000,-0.600000,-0.994315,-0.600000,0.600000,0.600000,-0.792053,0.600000,-0.600000,0.600000,0.600000,-0.600000,0.600000,-0.600000,0.600000,-0.600000,-0.600000,-0.600000,0.792053,-0.600000,-0.999921,-0.600000,-0.994315,0.600000,-0.600000,0.600000,-0.600000,-0.600000,-0.941742,-0.600000,-0.600000,-0.792053,-0.600000,-0.600000
66,0.600000,-0.600000,-0.600000,1.000000,-0.600000,-0.600000,-0.600000,0.600000,0.600000,0.600000,-0.600000,0.600000,-0.600000,-0.600000,-0.600000,-0.600000,0.600000,0.600000,-0.600000,-0.600000,-0.600000,-0.600000,0.600000,0.600000,0.600000,-0.600000,0.600000,-0.600000,0.480151,-0.600000,0.600000,-0.545015,-0.600000,-0.600000,-0.600000,-0.600000,-0.600000,-0.600000,-0.600000,-0.994315,-0.600000,0.600000,0.600000,-0.798583,0.600000,-0.600000,0.600000,0.600000,-0.600000,0.600000,-0.600000,0.600000,-0.600000,-0.600000,-0.600000,0.798583,-0.600000,-0.999934,-0.600000,-0.994315,0.600000,-0.600000,0.600000,-0.600000,-0.600000,-0.943373,-0.600000,-0.600000,-0.798583,-0.600000,-0.600000
67,0.600000,-0.600000,-0.600000,1.000000,-0.600000,-0.600000,-0.600000,0.600000,0.600000,0.600000,-0.600000,0.600000,-0.600000,-0.600000,-0.600000,-0.600000,0.600000,0.600000,-0.600000,-0.600000,-0.600000,-0.600000,0.600000,0.600000,0.600000,-0.600000,0.600000,-0.600000,0.480151,-0.600000,0.600000,-0.545015,-0.600000,-0.600000,-0.600000,-0.600000,-0.600000,-0.600000,-0.600000,-0.994315,-0.600000,0.600000,0.600000,-0.798583,0.600000,-0.600000,0.600000,0.600000,-0.600000,0.600000,-0.600000,0.600000,-0.600000,-0.600000,-0.600000,0.798583,-0.600000,-0.999947,-0.600000,-0.994315,0.600000,-0.600000,0.600000,-0.600000,-0.600000,-0.943373,-0.600000,-0.600000,-0.798583,-0.600000,-0.600000
68,0.600000,-0.600000,-0.600000,1.000000,-0.600000,-0.600000,-0.600000,0.600000,0.600000,0.600000,-0.600000,0.600000,-0.600000,-0.600000,-0.600000,-0.600000,0.600000,0.600000,-0.600000,-0.600000,-0.600000,-0.600000,0.600000,0.600000,0.600000,-0.600000,0.600000,-0.600000,0.480151,-0.600000,0.600000,-0.543775,-0.600000,-0.600000,-0.600000,-0.600000,-0.600000,-0.600000,-0.600000,-0.995204,-0.600000,0.600000,0.600000,-0.798583,0.600000,-0.600000,0.600000,0.600000,-0.600000,0.600000,-0.600000,0.600000,-0.600000,-0.600000,-0.600000,0.798583,-0.600000,-0.999951,-0.600000,-0.995204,0.600000,-0.600000,0.600000,-0.600000,-0.600000,-0.943373,-0.600000,-0.600000,-0.798583,-0.600000,-0.600000
69,0.600000,-0.600000,-0.600000,1.000000,-0.600000,-0.600000,-0.600000,0.600000,0.600000,0.600000,-0.600000,0.600000,-0.600000,-0.600000,-0.600000,-0.600000,0.600000,0.600000,-0.600000,-0.600000,-0.600000,-0.600000,0.600000,0.600000,0.600000,-0.600000,0.600000,-0.600000,0.475161,-0.600000,0.600000,-0.543775,-0.600000,-0.600000,-0.600000,-0.600000,-0.600000,-0.600000,-0.600000,-0.995617,-0.600000,0.600000,0.600000,-0.804960,0.600000,-0.600000,0.600000,0.600000,-0.600000,0.600000,-0.600000,0.600000,-0.600000,-0.600000,-0.600000,0.804960,-0.600000,-0.999953,-0.600000,-0.995617,0.600000,-0.600000,0.600000,-0.600000,-0.600000,-0.943373,-0.600000,-0.600000,-0.804960,-0.600000,-0.600000
70,0.600000,-0.600000,-0.600000,1.000000,-0.600000,-0.600000,-0.600000,0.600000,0.600000,0.600000,-0.600000,0.600000,-0.600000,-0.600000,-0.600000,-0.600000,0.600000,0.600000,-0.600000,-0.600000,-0.600000,-0.600000,0.600000,0.600000,0.600000,-0.600000,0.600000,-0.600000,0.468930,-0.600000,0.600000,-0.543775,-0.600000,-0.600000,-0.600000,-0.600000,-0.600000,-0.600000,-0.600000,-0.995994,-0.600000,0.600000,0.600000,-0.812714,0.600000,-0.600000,0.600000,0.600000,-0.600000,0.600000,-0.600000,0.600000,-0.600000,-0.600000,-0.600000,0.812714,-0.600000,-0.999957,-0.600000,-0.995994,0.600000,-0.600000,0.600000,-0.600000,-0.600000,-0.943373,-0.600000,-0.600000,-0.812714,-0.600000,-0.600000
71,0.600000,-0.600000,-0.600000,1.000000,-0.600000,-0.600000,-0.600000,0.600000,0.600000,0.600000,-0.600000,0.600000,-0.600000,-0.600000,-0.600000,-0.600000,0.600000,0.600000,-0.600000,-0.600000,-0.600000,-0.600000,0.600000,0.600000,0.600000,-0.600000,0.600000,-0.600000,0.462708,-0.600000,0.600000,-0.543775,-0.600000,-0.600000,-0.600000,-0.600000,-0.600000,-0.600000,-0.600000,-0.996553,-0.600000,0.600000,0.600000,-0.820229,0.600000,-0.600000,0.600000,0.600000,-0.600000,0.600000,-0.600000,0.600000,-0.600000,-0.600000,-0.600000,0.820229,-0.600000,-0.999960,-0.600000,-0.996553,0.600000,-0.600000,0.600000,-0.600000,-0.600000,-0.943373,-0.600000,-0.600000,-0.820229,-0.600000,-0.600000
72,0.600000,-0.600000,-0.600000,1.000000,-0.600000,-0.600000,-0.600000,0.600000,0.600000,0.600000,-0.600000,0.600000,-0.600000,-0.600000,-0.600000,-0.600000,0.600000,0.600000,-0.600000,-0.600000,-0.600000,-0.600000,0.600000,0.600000,0.600000,-0.600000,0.600000,-0.600000,0.462708,-0.600000,0.600000,-0.543775,-0.600000,-0.600000,-0.600000,-0.600000,-0.600000,-0.600000,-0.600000,-0.997207,-0.600000,0.600000,0.600000,-0.820229,0.600000,-0.600000,0.600000,0.600000,-0.600000,0.600000,-0.600000,0.600000,-0.600000,-0.600000,-0.600000,0.820229,-0.600000,-0.999960,-0.600000,-0.997207,0.600000,-0.600000,0.600000,-0.600000,-0.600000,-0.943373,-0.600000,-0.600000,-0.820229,-0.600000,-0.600000
73,0.600000,-0.600000,-0.600000,1.000000,-0.600000,-0.600000,-0.600000,0.600000,0.600000,0.600000,-0.600000,0.600000,-0.600000,-0.600000,-0.600000,-0.600000,0.600000,0.600000,-0.600000,-0.600000,-0.600000,-0.600000,0.600000,0.600000,0.600000,-0.600000,0.600000,-0.600000,0.462708,-0.600000,0.600000,-0.543775,-0.600000,-0.600000,-0.600000,-0.600000,-0.600000,-0.600000,-0.600000,-0.997760,-0.600000,0.600000,0.600000,-0.820229,0.600000,-0.600000,0.600000,0.600000,-0.600000,0.600000,-0.600000,0.600000,-0.600000,-0.600000,-0.600000,0.820229,-0.600000,-0.999963,-0.600000,-0.997760,0.600000,-0.600000,0.600000,-0.600000,-0.600000,-0.943373,-0.600000,-0.600000,-0.820229,-0.600000,-0.600000
74,0.600000,-0.600000,-0.600000,1.000000,-0.600000,-0.600000,-0.600000,0.600000,0.600000,0.600000,-0.600000,0.600000,-0.600000,-0.600000,-0.600000,-0.600000,0.600000,0.600000,-0.600000,-0.600000,-0.600000,-0.600000,0.600000,0.600000,0.600000,-0.600000,0.600000,-0.600000,0.457739,-0.600000,0.600000,-0.543775,-0.600000,-0.600000,-0.600000,-0.600000,-0.600000,-0.600000,-0.600000,-0.998111,-0.600000,0.600000,0.600000,-0.826070,0.600000,-0.600000,0.600000,0.600000,-0.600000,0.600000,-0.600000,0.600000,-0.600000,-0.600000,-0.600000,0.826070,-0.600000,-0.999966,-0.600000,-0.998111,0.600000,-0.600000,0.600000,-0.600000,-0.600000,-0.943373,-0.600000,-0.600000,-0.826070,-0.600000,-0.600000
75,0.600000,-0.600000,-0.600000,1.000000,-0.600000,-0.600000,-0.600000,0.600000,0.600000,0.600000,-0.600000,0.600000,-0.600000,-0.600000,-0.600000,-0.600000,0.600000,0.600000,-0.600000,-0.600000,-0.600000,-0.600000,0.600000,0.600000,0.600000,-0.600000,0.600000,-0.600000,0.455257,-0.600000,0.600000,-0.543775,-0.600000,-0.600000,-0.600000,-0.600000,-0.600000,-0.600000,-0.600000,-0.998407,-0.600000,0.600000,0.600000,-0.828934,0.600000,-0.600000,0.600000,0.600000,-0.600000,0.600000,-0.600000,0.600000,-0.600000,-0.600000,-0.600000,0.828934,-0.600000,-0.999969,-0.600000,-0.998407,0.600000,-0.600000,0.600000,-0.600000,-0.600000,-0.943373,-0.600000,-0.600000,-0.828934,-0.600000,-0.600000
76,0.600000,-0.600000,-0.600000,1.000000,-0.600000,-0.600000,-0.600000,0.600000,0.600000,0.600000,-0.600000,0.600000,-0.600000,-0.600000,-0.600000,-0.600000,0.600000,0.600000,-0.600000,-0.600000,-0.600000,-0.600000,0.600000,0.600000,0.600000,-0.600000,0.600000,-0.600000,0.452778,-0.600000,0.600000,-0.543775,-0.600000,-0.600000,-0.600000,-0.600000,-0.600000,-0.600000,-0.600000,-0.998545,-0.600000,0.600000,0.600000,-0.831761,0.600000,-0.600000,0.600000,0.600000,-0.600000,0.600000,-0.600000,0.600000,-0.600000,-0.600000,-0.600000,0.831761,-0.600000,-0.999970,-0.600000,-0.998545,0.600000,-0.600000,0.600000,-0.600000,-0.600000,-0.943373,-0.600000,-0.600000,-0.831761,-0.600000,-0.600000
77,0.600000,-0.600000,-0.600000,1.000000,-0.600000,-0.600000,-0.600000,0.600000,0.600000,0.600000,-0.600000,0.600000,-0.600000,-0.600000,-0.600000,-0.600000,0.600000,0.600000,-0.600000,-0.600000,-0.600000,-0.600000,0.600000,0.600000,0.600000,-0.600000,0.600000,-0.600000,0.449063,-0.600000,0.600000,-0.543775,-0.600000,-0.600000,-0.600000,-0.600000,-0.600000,-0.600000,-0.600000,-0.998761,-0.600000,0.600000,0.600000,-0.835931,0.600000,-0.600000,0.600000,0.600000,-0.600000,0.600000,-0.600000,0.600000,-0.600000,-0.600000,-0.600000,0.835931,-0.600000,-0.999972,-0.600000,-0.998761,0.600000,-0.600000,0.600000,-0.600000,-0.600000,-0.943373,-0.600000,-0.600000,-0.835931,-0.600000,-0.600000
78,0.600000,-0.600000,-0.600000,1.000000,-0.600000,-0.600000,-0.600000,0.600000,0.600000,0.600000,-0.600000,0.600000,-0.600000,-0.600000,-0.600000,-0.600000,0.600000,0.600000,-0.600000,-0.600000,-0.600000,-0.600000,0.600000,0.600000,0.600000,-0.600000,0.600000,-0.600000,0.445354,-0.600000,0.600000,-0.543775,-0.600000,-0.600000,-0.600000,-0.600000,-0.600000,-0.600000,-0.600000,-0.998868,-0.600000,0.600000,0.600000,-0.840018,0.600000,-0.600000,0.600000,0.600000,-0.600000,0.600000,-0.600000,0.600000,-0.600000,-0.600000,-0.600000,0.840018,-0.600000,-0.999974,-0.600000,-0.998868,0.600000,-0.600000,0.600000,-0.600000,-0.600000,-0.944437,-0.600000,-0.600000,-0.840018,-0.600000,-0.600000
79,0.600000,-0.600000,-0.600000,1.000000,-0.600000,-0.600000,-0.600000,0.600000,0.600000,0.600000,-0.600000,0.600000,-0.600000,-0.600000,-0.600000,-0.600000,0.600000,0.600000,-0.600000,-0.600000,-0.600000,-0.600000,0.600000,0.600000,0.600000,-0.600000,0.600000,-0.600000,0.442884,-0.600000,0.600000,-0.542534,-0.600000,-0.600000,-0.600000,-0.600000,-0.600000,-0.600000,-0.600000,-0.999055,-0.600000,0.600000,0.600000,-0.842697,0.600000,-0.600000,0.600000,0.600000,-0.600000,0.600000,-0.600000,0.600000,-0.600000,-0.600000,-0.600000,0.842697,-0.600000,-0.999975,-0.600000,-0.999055,0.600000,-0.600000,0.600000,-0.600000,-0.600000,-0.944437,-0.600000,-0.600000,-0.842697,-0.600000,-0.600000
80,0.600000,-0.600000,-0.600000,1.000000,-0.600000,-0.600000,-0.600000,0.600000,0.600000,0.600000,-0.600000,0.600000,-0.600000,-0.600000,-0.600000,-0.600000,0.600000,0.600000,-0.600000,-0.600000,-0.600000,-0.600000,0.600000,0.600000,0.600000,-0.600000,0.600000,-0.600000,0.442884,-0.600000,0.600000,-0.542534,-0.600000,-0.600000,-0.600000,-0.600000,-0.600000,-0.600000,-0.600000,-0.999242,-0.600000,0.600000,0.600000,-0.842697,0.600000,-0.600000,0.600000,0.600000,-0.600000,0.600000,-0.600000,0.600000,-0.600000,-0.600000,-0.600000,0.842697,-0.600000,-0.999976,-0.600000,-0.999242,0.600000,-0.600000,0.600000,-0.600000,-0.600000,-0.944437,-0.600000,-0.600000,-0.842697,-0.600000,-0.600000
81,0.600000,-0.600000,-0.600000,1.000000,-0.600000,-0.600000,-0.600000,0.600000,0.600000,0.600000,-0.600000,0.600000,-0.600000,-0.600000,-0.600000,-0.600000,0.600000,0.600000,-0.600000,-0.600000,-0.600000,-0.600000,0.600000,0.600000,0.600000,-0.600000,0.600000,-0.600000,0.442884,-0.600000,0.600000,-0.542534,-0.600000,-0.600000,-0.600000,-0.600000,-0.600000,-0.600000,-0.600000,-0.999392,-0.600000,0.600000,0.600000,-0.842697,0.600000,-0.600000,0.600000,0.600000,-0.600000,0.600000,-0.600000,0.600000,-0.600000,-0.600000,-0.600000,0.842697,-0.600000,-0.999976,-0.600000,-0.999392,0.600000,-0.600000,0.600000,-0.600000,-0.600000,-0.944437,-0.600000,-0.600000,-0.842697,-0.600000,-0.600000
82,0.600000,-0.600000,-0.600000,1.000000,-0.600000,-0.600000,-0.600000,0.600000,0.600000,0.600000,-0.600000,0.600000,-0.600000,-0.600000,-0.600000,-0.600000,0.600000,0.600000,-0.600000,-0.600000,-0.600000,-0.600000,0.600000,0.600000,0.600000,-0.600000,0.600000,-0.600000,0.442884,-0.600000,0.600000,-0.542534,-0.600000,-0.600000,-0.600000,-0.600000,-0.600000,-0.600000,-0.600000,-0.999513,-0.600000,0.600000,0.600000,-0.842697,0.600000,-0.600000,0.600000,0.600000,-0.600000,0.600000,-0.600000,0.600000,-0.600000,-0.600000,-0.600000,0.842697,-0.600000,-0.999977,-0.600000,-0.999513,0.600000,-0.600000,0.600000,-0.600000,-0.600000,-0.944437,-0.600000,-0.600000,-0.842697,-0.600000,-0.600000
83,0.600000,-0.600000,-0.600000,1.000000,-0.600000,-0.600000,-0.600000,0.600000,0.600000,0.600000,-0.600000,0.600000,-0.600000,-0.600000,-0.600000,-0.600000,0.600000,0.600000,-0.600000,-0.600000,-0.600000,-0.600000,0.600000,0.600000,0.600000,-0.600000,0.600000,-0.600000,0.442884,-0.600000,0.600000,-0.542534,-0.600000,-0.600000,-0.600000,-0.600000,-0.600000,-0.600000,-0.600000,-0.999609,-0.600000,0.600000,0.600000,-0.842697,0.600000,-0.600000,0.600000,0.600000,-0.600000,0.600000,-0.600000,0.600000,-0.600000,-0.600000,-0.600000,0.842697,-0.600000,-0.999978,-0.600000,-0.999609,0.600000,-0.600000,0.600000,-0.600000,-0.600000,-0.944437,-0.600000,-0.600000,-0.842697,-0.600000,-0.600000
84,0.600000,-0.600000,-0.600000,1.000000,-0.600000,-0.600000,-0.600000,0.600000,0.600000,0.600000,-0.600000,0.600000,-0.600000,-0.600000,-0.600000,-0.600000,0.600000,0.600000,-0.600000,-0.600000,-0.600000,-0.600000,0.600000,0.600000,0.600000,-0.600000,0.600000,-0.600000,0.442884,-0.600000,0.600000,-0.542534,-0.600000,-0.600000,-0.600000,-0.600000,-0.600000,-0.600000,-0.600000,-0.999687,-0.600000,0.600000,0.600000,-0.842697,0.600000,-0.600000,0.600000,0.600000,-0.600000,0.600000,-0.600000,0.600000,-0.600000,-0.600000,-0.600000,0.842697,-0.600000,-0.999979,-0.600000,-0.999687,0.600000,-0.600000,0.600000,-0.600000,-0.600000,-0.944437,-0.600000,-0.600000,-0.842697,-0.600000,-0.600000
85,0.600000,-0.600000,-0.600000,1.000000,-0.600000,-0.600000,-0.600000,0.600000,0.600000,0.600000,-0.600000,0.600000,-0.600000,-0.600000,-0.600000,-0.600000,0.600000,0.600000,-0.600000,-0.600000,-0.600000,-0.600000,0.600000,0.600000,0.600000,-0.600000,0.600000,-0.600000,0.440417,-0.600000,0.600000,-0.538810,-0.600000,-0.600000,-0.600000,-0.600000,-0.600000,-0.600000,-0.600000,-0.999702,-0.600000,0.600000,0.600000,-0.845339,0.600000,-0.600000,0.600000,0.600000,-0.600000,0.600000,-0.600000,0.600000,-0.600000,-0.600000,-0.600000,0.845339,-0.600000,-0.999980,-0.600000,-0.999702,0.600000,-0.600000,0.600000,-0.600000,-0.600000,-0.945482,-0.600000,-0.600000,-0.845339,-0.600000,-0.600000
86,0.600000,-0.600000,-0.600000,1.000000,-0.600000,-0.600000,-0.600000,0.600000,0.600000,0.600000,-0.600000,0.600000,-0.600000,-0.600000,-0.600000,-0.600000,0.600000,0.600000,-0.600000,-0.600000,-0.600000,-0.600000,0.600000,0.600000,0.600000,-0.600000,0.600000,-0.600000,0.439185,-0.600000,0.600000,-0.537567,-0.600000,-0.600000,-0.600000,-0.600000,-0.600000,-0.600000,-0.600000,-0.999754,-0.600000,0.600000,0.600000,-0.846646,0.600000,-0.600000,0.600000,0.600000,-0.600000,0.600000,-0.600000,0.600000,-0.600000,-0.600000,-0.600000,0.846646,-0.600000,-0.999981,-0.600000,-0.999754,0.600000,-0.600000,0.600000,-0.600000,-0.600000,-0.945482,-0.600000,-0.600000,-0.846646,-0.600000,-0.600000
87,0.600000,-0.600000,-0.600000,1.000000,-0.600000,-0.600000,-0.600000,0.600000,0.600000,0.600000,-0.600000,0.600000,-0.600000,-0.600000,-0.600000,-0.600000,0.600000,0.600000,-0.600000,-0.600000,-0.600000,-0.600000,0.600000,0.600000,0.600000,-0.600000,0.600000,-0.600000,0.437954,-0.600000,0.600000,-0.536324,-0.600000,-0.600000,-0.600000,-0.600000,-0.600000,-0.600000,-0.600000,-0.999764,-0.600000,0.600000,0.600000,-0.847945,0.600000,-0.600000,0.600000,0.600000,-0.600000,0.600000,-0.600000,0.600000,-0.600000,-0.600000,-0.600000,0.847945,-0.600000,-0.999982,-0.600000,-0.999764,0.600000,-0.600000,0.600000,-0.600000,-0.600000,-0.947516,-0.600000,-0.600000,-0.847945,-0.600000,-0.600000
88,0.600000,-0.600000,-0.600000,1.000000,-0.600000,-0.600000,-0.600000,0.600000,0.600000,0.600000,-0.600000,0.600000,-0.600000,-0.600000,-0.600000,-0.600000,0.600000,0.600000,-0.600000,-0.600000,-0.600000,-0.600000,0.600000,0.600000,0.600000,-0.600000,0.600000,-0.600000,0.436723,-0.600000,0.600000,-0.535081,-0.600000,-0.600000,-0.600000,-0.600000,-0.600000,-0.600000,-0.600000,-0.999773,-0.600000,0.600000,0.600000,-0.849234,0.600000,-0.600000,0.600000,0.600000,-0.600000,0.600000,-0.600000,0.600000,-0.600000,-0.600000,-0.600000,0.849234,-0.600000,-0.999983,-0.600000,-0.999773,0.600000,-0.600000,0.600000,-0.600000,-0.600000,-0.948995,-0.600000,-0.600000,-0.849234,-0.600000,-0.600000
89,0.600000,-0.600000,-0.600000,1.000000,-0.600000,-0.600000,-0.600000,0.600000,0.600000,0.600000,-0.600000,0.600000,-0.600000,-0.600000,-0.600000,-0.600000,0.600000,0.600000,-0.600000,-0.600000,-0.600000,-0.600000,0.600000,0.600000,0.600000,-0.600000,0.600000,-0.600000,0.433035,-0.600000,0.600000,-0.531348,-0.600000,-0.600000,-0.600000,-0.600000,-0.600000,-0.600000,-0.600000,-0.999775,-0.600000,0.600000,0.600000,-0.853048,0.600000,-0.600000,0.600000,0.600000,-0.600000,0.600000,-0.600000,0.600000,-0.600000,-0.600000,-0.600000,0.853048,-0.600000,-0.999985,-0.600000,-0.999775,0.600000,-0.600000,0.600000,-0.600000,-0.600000,-0.949479,-0.600000,-0.600000,-0.853048,-0.600000,-0.600000
